38951,0.00,0.03,0.00,10.50,-10.36,-8.19,4,4,0.0
38959,-0.97,0.06,0.03,9.87,1.89,18.83,3,2,8.0
38966,-0.96,0.01,0.06,121.73,52.50,91.28,4,3,15.0
38974,-0.99,0.03,0.04,36.05,-72.31,-14.28,2,3,23.0
38982,-0.98,0.10,0.03,38.50,-67.06,-17.92,3,2,31.0
38990,-0.97,0.11,0.03,2.24,6.37,-7.77,0,4,39.0
38998,-0.99,0.06,-0.01,0.21,6.44,-8.33,1,3,47.0
39005,-1.00,0.03,-0.02,-1.40,7.07,-8.47,0,3,54.0
39013,-1.00,0.02,-0.04,-2.24,7.21,-8.82,0,3,62.0
39021,-1.02,0.01,-0.06,-3.29,7.14,-8.89,0,3,70.0
39029,-1.01,0.00,-0.06,-4.34,6.93,-8.96,0,3,78.0
39037,-1.00,-0.01,-0.07,-4.83,6.51,-9.10,0,4,86.0
39045,-1.01,-0.02,-0.09,-5.11,6.09,-8.61,0,6,94.0
39053,-1.01,-0.03,-0.09,-4.90,5.95,-7.98,0,4,102.0
39061,-1.00,-0.04,-0.09,-3.99,5.67,-7.70,1,4,110.0
39069,-1.00,-0.04,-0.09,-3.15,5.39,-7.42,0,3,118.0
39077,-1.00,-0.04,-0.09,-2.66,4.97,-7.35,0,3,126.0
39084,-1.01,-0.03,-0.08,-2.66,4.41,-7.14,0,3,133.0
39092,-1.01,-0.02,-0.07,-2.73,3.85,-6.86,0,4,141.0
39100,-1.02,-0.04,-0.06,-2.31,3.22,-5.88,0,3,149.0
39108,-1.03,-0.04,-0.07,-0.35,2.59,-5.11,0,3,157.0
39116,-1.01,-0.05,-0.08,3.78,2.17,-5.81,0,3,165.0
39124,-1.00,-0.07,-0.09,5.67,1.89,-5.95,0,3,173.0
39132,-1.01,-0.05,-0.09,6.44,1.47,-4.83,0,4,181.0
39140,-1.00,-0.03,-0.08,7.42,1.40,-4.90,0,2,189.0
39148,-0.99,-0.04,-0.07,9.03,1.47,-5.18,0,3,197.0
39156,-1.01,-0.04,-0.07,9.73,1.19,-5.11,0,4,205.0
39164,-1.01,-0.03,-0.07,8.47,0.84,-5.39,0,3,213.0
39172,-1.00,-0.01,-0.07,7.21,0.70,-5.81,0,3,221.0
39180,-0.99,0.01,-0.07,5.95,0.56,-6.23,0,5,229.0
39187,-0.99,0.02,-0.08,4.83,0.49,-6.58,0,3,236.0
39195,-1.00,0.02,-0.08,3.99,0.35,-7.14,0,4,244.0
39203,-1.01,0.02,-0.08,4.06,0.21,-7.28,0,4,252.0
39211,-1.02,0.01,-0.07,5.39,-0.28,-7.14,0,5,260.0
39219,-1.01,-0.00,-0.07,6.58,-0.42,-7.63,0,5,268.0
39227,-1.00,-0.01,-0.07,7.70,-0.56,-8.47,0,4,276.0
39235,-1.00,-0.01,-0.07,7.70,-0.63,-8.40,0,5,284.0
39243,-1.01,-0.02,-0.08,6.65,-1.05,-8.54,0,4,292.0
39251,-1.00,-0.03,-0.08,4.83,-1.19,-8.82,0,4,300.0
39259,-0.99,-0.04,-0.08,3.43,-1.47,-8.89,0,4,308.0
39267,-1.00,-0.05,-0.06,2.73,-1.68,-8.82,0,4,316.0
39275,-1.01,-0.04,-0.08,2.94,-2.31,-8.96,0,4,324.0
39283,-1.01,-0.05,-0.09,2.31,-2.59,-8.82,0,2,332.0
39291,-1.00,-0.05,-0.09,2.24,-2.87,-8.75,0,2,340.0
39300,-1.00,-0.05,-0.09,3.22,-3.01,-8.54,0,3,349.0
39308,-1.00,-0.05,-0.08,5.60,-3.01,-8.68,0,1,357.0
39316,-0.99,-0.06,-0.05,8.12,-3.01,-8.89,0,4,365.0
39324,-0.98,-0.05,-0.06,9.31,-2.73,-9.38,0,4,373.0
39332,-0.97,-0.01,-0.04,10.43,-2.17,-10.78,0,5,381.0
39340,-0.98,-0.00,-0.03,10.99,-1.12,-11.76,0,2,389.0
39348,-0.99,0.01,-0.05,10.71,-0.35,-12.67,0,4,397.0
39356,-1.00,0.01,-0.03,11.13,0.14,-13.93,0,7,405.0
39363,-1.00,0.01,-0.02,13.09,0.98,-15.54,0,6,412.0
39371,-0.99,0.00,-0.01,16.10,2.03,-18.06,0,8,420.0
39379,-0.98,-0.00,-0.00,18.62,3.50,-20.16,0,6,428.0
39387,-0.97,0.01,-0.00,20.86,5.74,-22.26,0,8,436.0
39395,-0.98,0.03,-0.01,23.03,6.93,-24.43,0,7,444.0
39402,-0.98,0.04,-0.03,24.64,7.91,-26.11,0,8,451.0
39410,-0.98,0.04,-0.04,25.69,8.61,-27.16,0,8,459.0
39418,-0.98,0.03,-0.04,26.74,9.38,-28.49,0,11,467.0
39426,-0.99,0.02,-0.06,27.30,10.22,-28.91,0,10,475.0
39433,-1.00,0.04,-0.09,26.39,10.78,-29.61,0,14,482.0
39441,-1.01,0.05,-0.12,22.96,11.34,-30.17,0,14,490.0
39449,-1.01,0.01,-0.12,19.81,11.06,-31.01,0,14,498.0
39457,-0.99,-0.06,-0.14,18.13,10.71,-31.01,0,15,506.0
39465,-0.98,-0.07,-0.12,20.79,10.57,-31.29,0,16,514.0
39472,-0.98,-0.13,-0.12,24.01,10.29,-31.36,0,17,521.0
39480,-0.98,-0.15,-0.11,27.16,10.22,-31.50,0,18,529.0
39488,-0.99,-0.15,-0.10,28.70,9.17,-30.87,0,18,537.0
39496,-0.98,-0.14,-0.08,29.68,7.56,-30.24,0,17,545.0
39504,-0.97,-0.15,-0.06,29.82,6.58,-29.54,0,19,553.0
39512,-0.96,-0.16,-0.05,28.14,5.81,-29.33,0,19,561.0
39520,-0.96,-0.15,-0.06,26.25,5.25,-29.75,0,19,569.0
39528,-0.95,-0.13,-0.07,25.62,4.76,-30.80,0,21,577.0
39536,-0.93,-0.13,-0.07,26.74,4.41,-31.29,0,24,585.0
39543,-0.91,-0.15,-0.07,29.05,4.48,-31.08,0,27,592.0
39551,-0.92,-0.16,-0.06,33.39,4.55,-31.29,0,26,600.0
39559,-0.93,-0.18,-0.04,43.54,4.69,-31.64,0,27,608.0
39567,-0.94,-0.21,0.02,51.10,5.39,-31.15,0,33,616.0
39575,-0.97,-0.22,0.06,56.84,6.23,-30.80,0,29,624.0
39583,-1.01,-0.22,0.09,58.59,7.00,-30.03,0,35,632.0
39591,-1.06,-0.23,0.14,57.89,7.84,-29.26,0,36,640.0
39598,-1.08,-0.25,0.16,56.21,8.19,-28.14,0,37,647.0
39606,-1.06,-0.27,0.18,53.62,8.40,-26.95,0,44,655.0
39614,-1.01,-0.27,0.18,49.91,9.31,-27.02,0,39,663.0
39622,-1.02,-0.25,0.14,45.36,10.57,-26.74,0,39,671.0
39630,-1.03,-0.18,0.08,39.90,11.41,-25.90,0,34,679.0
39638,-1.02,-0.11,0.02,33.60,12.32,-25.62,0,36,687.0
39645,-1.01,-0.12,-0.02,27.65,13.51,-25.20,0,35,694.0
39653,-1.03,-0.11,-0.06,22.47,14.91,-24.78,0,36,702.0
39661,-1.02,-0.11,-0.08,18.69,16.31,-24.99,0,35,710.0
39668,-1.01,-0.11,-0.09,11.97,17.99,-25.13,0,32,717.0
39676,-1.01,-0.08,-0.09,4.13,19.95,-24.85,0,31,725.0
39684,-1.01,-0.07,-0.08,-4.34,20.86,-24.92,0,27,733.0
39692,-1.02,-0.11,-0.07,-10.92,20.86,-25.27,0,25,741.0
39700,-0.99,-0.19,-0.06,-15.40,21.14,-25.34,0,24,749.0
39708,-0.96,-0.23,-0.06,-18.41,21.07,-24.57,0,26,757.0
39716,-0.96,-0.25,-0.07,-20.79,20.93,-23.31,0,23,765.0
39724,-0.95,-0.27,-0.11,-23.31,20.23,-23.24,0,21,773.0
39732,-0.92,-0.32,-0.12,-25.97,20.30,-22.05,0,20,781.0
39740,-0.94,-0.35,-0.16,-28.21,19.53,-20.58,0,17,789.0
39748,-0.95,-0.38,-0.20,-32.69,18.20,-18.06,1,17,797.0
39756,-0.96,-0.39,-0.20,-39.06,16.38,-16.94,0,15,805.0
39764,-0.98,-0.39,-0.20,-42.21,14.84,-14.84,0,17,813.0
39772,-0.96,-0.38,-0.19,-45.78,13.93,-11.20,0,15,821.0
39780,-0.96,-0.41,-0.18,-44.45,12.88,-8.54,0,11,829.0
39788,-1.04,-0.46,-0.17,-36.26,11.34,-6.37,0,8,837.0
39796,-1.09,-0.46,-0.16,-24.43,9.87,-5.60,1,6,845.0
39803,-1.06,-0.39,-0.14,-21.77,9.87,-3.71,2,6,852.0
39811,-1.05,-0.31,-0.09,-24.36,11.06,-1.54,4,4,860.0
39819,-1.06,-0.20,-0.07,-29.96,12.46,-1.33,5,0,868.0
39827,-1.09,-0.09,-0.03,-37.31,14.77,-3.43,9,1,876.0
39835,-1.07,-0.02,0.02,-40.04,16.94,-6.44,15,0,884.0
39843,-1.06,0.03,0.07,-41.58,19.60,-10.15,15,0,892.0
39851,-1.07,0.11,0.11,-45.22,23.31,-14.35,16,0,900.0
39858,-1.08,0.23,0.15,-54.60,27.79,-18.13,16,0,907.0
39866,-1.07,0.29,0.20,-63.21,33.32,-24.08,17,1,915.0
39874,-1.07,0.27,0.22,-65.87,38.85,-29.96,19,0,923.0
39882,-1.10,0.24,0.25,-67.20,46.62,-35.07,20,0,931.0
39889,-1.08,0.18,0.25,-65.87,52.71,-39.62,23,0,938.0
39897,-1.12,0.14,0.22,-64.61,58.73,-43.12,24,0,946.0
39905,-1.15,0.13,0.16,-62.02,64.47,-46.90,22,0,954.0
39913,-1.17,0.13,0.09,-63.14,70.14,-50.47,25,0,962.0
39921,-1.20,0.19,0.06,-64.82,74.48,-53.20,30,0,970.0
39928,-1.22,0.11,0.01,-63.42,77.98,-57.89,34,0,977.0
39936,-1.23,0.07,-0.02,-60.27,81.69,-60.76,31,0,985.0
39944,-1.27,0.02,-0.05,-53.97,86.94,-62.65,35,0,993.0
39952,-1.30,0.04,-0.08,-48.23,90.65,-63.28,34,0,1001.0
39960,-1.30,0.07,-0.09,-44.31,93.80,-64.75,35,1,1009.0
39968,-1.30,0.11,-0.05,-42.98,96.53,-65.66,42,0,1017.0
39975,-1.28,0.14,-0.03,-42.07,99.68,-66.43,37,0,1024.0
39983,-1.27,0.13,0.03,-37.59,101.71,-68.32,39,0,1032.0
39991,-1.27,0.10,0.14,-33.39,104.37,-69.16,39,0,1040.0
39999,-1.27,0.14,0.25,-27.44,108.71,-70.35,36,0,1048.0
40007,-1.29,0.25,0.37,-24.29,110.95,-72.80,36,0,1056.0
40014,-1.33,0.36,0.47,-24.29,112.35,-78.12,37,0,1063.0
40022,-1.36,0.41,0.53,-24.01,113.61,-85.68,42,0,1071.0
40030,-1.39,0.50,0.71,-20.23,115.43,-96.18,45,0,1079.0
40038,-1.44,0.63,0.73,-13.16,117.39,-112.98,37,0,1087.0
40045,-1.52,0.47,0.58,-6.86,121.73,-126.49,31,1,1094.0
40053,-1.57,0.36,0.47,2.10,130.83,-140.70,19,0,1102.0
40061,-1.70,0.23,0.47,12.95,137.06,-148.26,19,0,1110.0
40069,-1.70,0.10,0.52,23.03,145.46,-150.43,12,0,1118.0
40076,-1.62,-0.06,0.61,27.30,152.88,-149.80,7,0,1125.0
40084,-1.68,-0.29,0.42,15.61,154.21,-141.89,3,0,1133.0
40092,-1.80,-0.44,0.04,1.54,148.33,-126.14,3,0,1141.0
40100,-1.75,-0.49,-0.16,-6.72,139.16,-108.64,3,0,1149.0
40108,-1.54,-0.69,-0.37,-10.29,128.73,-83.09,0,0,1157.0
40116,-1.20,-0.86,-0.63,-16.10,116.20,-71.96,0,0,1165.0
40124,-0.87,-0.88,-0.78,-24.50,103.46,-66.22,0,0,1173.0
40132,-0.93,-0.65,-0.65,-10.71,85.96,-53.48,0,0,1181.0
40140,-1.10,-0.49,-0.57,12.46,59.57,-41.16,0,1,1189.0
40147,-1.09,-0.56,-0.54,31.29,32.13,-23.94,0,0,1196.0
40155,-1.01,-0.54,-0.47,45.15,-10.92,-7.98,0,0,1204.0
40163,-0.80,-0.44,-0.45,45.64,-23.59,11.13,0,0,1212.0
40171,-0.71,-0.37,-0.47,27.58,-44.80,30.73,0,0,1220.0
40179,-0.66,-0.33,-0.48,6.72,-65.45,50.05,0,0,1228.0
40187,-0.63,-0.28,-0.45,-14.21,-85.26,68.04,0,0,1236.0
40195,-0.63,-0.22,-0.45,-30.31,-104.37,88.90,0,0,1244.0
40202,-0.64,-0.26,-0.49,-40.53,-121.87,101.57,0,0,1251.0
40210,-0.66,-0.36,-0.51,-42.49,-141.47,112.63,0,0,1259.0
40218,-0.67,-0.43,-0.53,-33.67,-154.35,122.78,0,0,1267.0
40226,-0.66,-0.49,-0.54,-22.68,-166.81,133.00,0,0,1275.0
40234,-0.64,-0.52,-0.52,-11.20,-179.27,141.82,0,0,1283.0
40242,-0.61,-0.51,-0.50,-0.49,-191.17,150.64,0,0,1291.0
40250,-0.60,-0.47,-0.49,8.75,-202.37,155.96,0,0,1299.0
40258,-0.59,-0.45,-0.49,17.01,-216.23,161.07,0,0,1307.0
40266,-0.57,-0.46,-0.51,26.60,-225.05,168.28,0,0,1315.0
40274,-0.56,-0.48,-0.54,34.02,-232.68,175.14,0,0,1323.0
40281,-0.55,-0.49,-0.55,38.50,-238.49,183.05,0,0,1330.0
40289,-0.57,-0.44,-0.55,41.44,-243.88,193.97,0,0,1338.0
40297,-0.58,-0.38,-0.54,43.33,-248.71,202.09,0,0,1346.0
40305,-0.61,-0.36,-0.52,42.28,-254.52,209.86,0,0,1354.0
40313,-0.64,-0.37,-0.50,36.19,-258.51,217.56,0,0,1362.0
40321,-0.67,-0.37,-0.47,30.17,-261.80,225.12,0,0,1370.0
40329,-0.70,-0.37,-0.42,22.75,-264.53,232.68,0,0,1378.0
40337,-0.73,-0.39,-0.38,14.98,-266.84,243.04,0,0,1386.0
40344,-0.77,-0.43,-0.36,9.66,-269.01,249.55,0,0,1393.0
40352,-0.81,-0.47,-0.34,7.49,-269.78,254.87,0,11,1401.0
40360,-0.85,-0.48,-0.35,8.96,-269.29,259.35,0,0,1409.0
40368,-0.89,-0.45,-0.34,9.52,-266.84,262.78,0,0,1417.0
40376,-0.91,-0.41,-0.21,5.81,-261.87,264.60,0,0,1425.0
40384,-0.93,-0.34,-0.15,-0.91,-254.94,262.92,0,0,1433.0
40392,-0.93,-0.32,-0.18,-14.14,-246.12,259.00,0,0,1441.0
40400,-0.99,-0.28,-0.19,-33.18,-232.89,250.32,0,0,1449.0
40408,-1.07,-0.21,-0.21,-64.68,-221.83,234.99,0,0,1457.0
40415,-1.19,-0.16,-0.18,-79.45,-210.00,215.95,0,0,1464.0
40423,-1.27,-0.16,-0.16,-86.59,-196.63,196.42,0,0,1472.0
40431,-1.29,-0.22,-0.14,-83.58,-181.79,170.10,0,0,1480.0
40439,-1.16,-0.25,-0.14,-71.40,-157.15,147.35,0,0,1488.0
40447,-1.04,-0.22,-0.13,-53.06,-133.98,116.55,0,0,1496.0
40455,-0.94,-0.11,-0.08,-30.45,-106.75,77.91,0,1,1504.0
40463,-0.84,0.02,0.04,-24.22,-76.44,36.61,0,0,1512.0
40470,-0.75,0.11,0.09,-28.14,-44.03,-2.94,0,0,1519.0
40478,-0.69,-0.02,0.02,-33.81,-11.34,-49.00,0,0,1527.0
40486,-0.65,-0.24,-0.11,-33.74,29.54,-78.96,0,0,1535.0
40494,-0.64,-0.39,-0.28,-29.47,55.93,-106.47,0,0,1543.0
40502,-0.83,-0.41,-0.31,-13.51,75.60,-129.92,0,0,1551.0
40510,-1.16,-0.42,-0.53,1.26,95.20,-143.99,0,0,1559.0
40518,-1.11,-0.31,-0.34,46.62,106.82,-140.21,0,0,1567.0
40526,-1.61,0.44,0.12,128.66,101.36,-102.27,0,14,1575.0
40533,-2.30,0.64,0.05,185.71,82.60,-49.56,0,31,1582.0
40541,-2.20,0.33,-0.04,208.25,84.07,-48.09,0,36,1590.0
40549,-1.54,0.01,-0.13,201.04,94.71,-104.02,0,47,1598.0
40557,-1.32,0.69,-0.34,109.48,107.17,-127.26,0,42,1606.0
40564,-1.27,0.73,-0.58,60.97,111.30,-126.70,1,50,1613.0
40572,-1.22,0.43,-0.74,48.86,108.78,-133.14,0,45,1621.0
40580,-1.14,-0.31,-0.82,69.09,107.80,-144.97,0,44,1629.0
40588,-1.11,-1.19,-0.67,106.12,105.91,-147.35,0,37,1637.0
40596,-1.03,-1.44,-0.70,114.10,99.12,-138.53,0,33,1645.0
40604,-1.06,-1.20,-0.71,74.76,89.74,-123.55,0,24,1653.0
40611,-1.09,-0.70,-0.63,23.59,80.64,-111.58,0,27,1660.0
40619,-1.05,-0.41,-0.30,-23.17,70.14,-98.98,0,24,1668.0
40627,-1.01,-0.46,-0.28,-48.44,62.72,-89.39,1,25,1676.0
40635,-0.98,-0.69,-0.35,-48.44,61.04,-77.28,0,22,1684.0
40643,-0.97,-0.83,-0.38,-31.36,61.18,-66.29,0,20,1692.0
40651,-1.06,-0.89,-0.33,1.61,59.08,-56.42,0,19,1700.0
40659,-1.16,-0.76,-0.28,29.68,54.53,-49.77,0,18,1708.0
40667,-1.14,-0.55,-0.24,53.41,50.68,-47.11,0,15,1716.0
40675,-1.14,-0.16,-0.23,63.49,46.20,-49.56,0,14,1724.0
40682,-1.10,0.01,-0.23,52.64,42.07,-47.18,0,9,1731.0
40690,-1.08,0.15,-0.23,26.32,37.52,-42.63,0,8,1739.0
40698,-1.05,0.19,-0.18,-7.21,35.07,-37.52,0,7,1747.0
40706,-1.04,0.14,-0.12,-50.33,33.32,-33.39,0,5,1755.0
40714,-1.03,0.02,-0.04,-72.73,32.41,-30.45,0,2,1763.0
40721,-1.02,-0.15,0.00,-81.13,31.85,-29.40,2,1,1770.0
40730,-1.03,-0.28,0.04,-78.05,31.36,-29.40,2,0,1779.0
40737,-1.04,-0.33,0.05,-68.88,30.66,-28.42,1,0,1786.0
40745,-1.01,-0.28,0.03,-65.24,30.38,-24.57,4,0,1794.0
40753,-1.01,-0.13,0.04,-69.86,29.19,-22.89,3,0,1802.0
40761,-0.98,-0.06,0.08,-81.13,28.98,-22.82,3,0,1810.0
40769,-0.99,-0.12,0.05,-85.05,28.28,-22.26,8,0,1818.0
40777,-1.00,-0.23,0.02,-83.37,27.51,-21.28,7,0,1826.0
40785,-1.03,-0.24,0.00,-78.19,27.58,-21.14,11,0,1834.0
40792,-1.04,-0.19,0.00,-74.97,27.93,-20.93,13,0,1841.0
40800,-1.05,-0.12,0.02,-73.50,28.21,-19.95,15,0,1849.0
40808,-1.05,-0.01,0.06,-76.23,28.42,-19.53,15,0,1857.0
40816,-1.05,0.00,0.11,-76.51,29.05,-19.39,18,0,1865.0
40824,-1.05,-0.05,0.16,-69.51,30.45,-21.07,21,0,1873.0
40832,-1.02,-0.13,0.19,-58.59,32.83,-23.31,21,0,1881.0
40839,-0.98,-0.09,0.25,-47.74,36.75,-24.99,24,0,1888.0
40847,-0.95,0.01,0.31,-41.79,43.26,-26.32,28,0,1896.0
40855,-0.96,0.12,0.35,-39.90,47.88,-29.33,27,0,1904.0
40863,-0.97,0.14,0.37,-39.13,53.06,-31.99,30,0,1912.0
40871,-0.98,0.13,0.43,-35.21,58.73,-35.77,32,0,1920.0
40879,-0.97,0.11,0.44,-31.01,64.82,-38.22,31,0,1928.0
40886,-0.99,0.23,0.44,-26.95,71.05,-42.56,35,0,1935.0
40894,-1.02,0.37,0.45,-28.63,79.52,-48.51,31,0,1943.0
40902,-1.04,0.44,0.43,-33.60,85.40,-53.76,35,0,1951.0
40910,-1.05,0.37,0.43,-32.55,91.56,-59.01,36,0,1959.0
40917,-1.06,0.26,0.42,-25.83,98.63,-62.51,37,0,1966.0
40925,-1.07,0.28,0.41,-17.99,105.91,-66.57,41,0,1974.0
40933,-1.09,0.32,0.39,-7.56,113.05,-71.05,44,0,1982.0
40941,-1.14,0.33,0.37,-0.35,120.33,-75.60,49,0,1990.0
40949,-1.16,0.46,0.32,1.96,127.68,-81.06,53,0,1998.0
40956,-1.18,0.53,0.28,0.42,134.47,-85.89,52,0,2005.0
40964,-1.18,0.48,0.27,1.33,159.60,-90.79,50,0,2013.0
40971,-1.18,0.42,0.30,2.45,152.18,-94.29,51,0,2020.0
40979,-1.23,0.48,0.32,1.68,158.76,-96.88,51,0,2028.0
40987,-1.25,0.55,0.35,-0.91,164.43,-101.36,60,0,2036.0
40994,-1.26,0.60,0.41,-5.74,169.54,-107.31,50,0,2043.0
41002,-1.26,0.65,0.46,-10.15,174.44,-113.19,52,0,2051.0
41010,-1.32,0.71,0.57,-13.65,177.66,-120.33,48,0,2059.0
41018,-1.40,0.64,0.74,-11.20,180.25,-126.42,44,0,2067.0
41025,-1.54,0.50,0.86,-10.29,181.30,-132.58,39,0,2074.0
41033,-1.66,0.44,0.73,2.03,179.13,-135.31,39,0,2082.0
41041,-1.83,0.53,0.81,14.98,174.51,-143.71,36,0,2090.0
41048,-1.88,0.67,0.71,25.76,171.22,-155.68,27,0,2097.0
41056,-1.93,0.39,0.58,35.42,174.72,-171.01,8,0,2105.0
41064,-1.93,0.11,0.66,43.75,187.95,-181.86,5,0,2113.0
41071,-1.87,-0.26,0.92,26.04,195.65,-178.50,5,0,2120.0
41079,-2.03,-0.56,0.23,-2.52,194.32,-156.66,5,0,2128.0
41087,-2.15,-0.41,0.12,-15.19,185.71,-130.90,16,0,2136.0
41095,-2.00,-0.56,-0.04,-10.78,173.04,-104.58,0,0,2144.0
41103,-1.75,-1.17,-0.26,2.59,158.13,-70.14,1,0,2152.0
41110,-1.44,-1.48,-0.57,21.91,142.24,-55.16,0,0,2159.0
41118,-1.01,-1.33,-0.81,32.06,119.91,-45.57,0,0,2167.0
41126,-1.18,-0.77,-0.75,80.15,96.81,-26.74,0,0,2175.0
41134,-1.35,-0.40,-0.65,116.41,66.29,-6.16,0,0,2183.0
41142,-1.31,-0.28,-0.58,133.14,32.13,10.99,0,0,2191.0
41150,-1.09,-0.38,-0.55,128.80,-1.75,32.20,0,0,2199.0
41158,-0.87,-0.41,-0.49,109.34,-33.53,50.05,0,0,2207.0
41165,-0.66,-0.41,-0.47,79.24,-68.60,72.45,0,0,2214.0
41173,-0.51,-0.36,-0.46,24.08,-94.57,94.50,0,0,2222.0
41181,-0.34,-0.28,-0.43,-3.78,-117.88,116.69,0,0,2230.0
41189,-0.29,-0.28,-0.40,-35.21,-140.07,136.57,0,0,2238.0
41197,-0.31,-0.33,-0.40,-56.77,-162.05,152.60,0,0,2246.0
41205,-0.34,-0.39,-0.42,-71.33,-181.72,169.96,0,0,2254.0
41213,-0.41,-0.44,-0.42,-77.98,-204.19,179.48,0,0,2262.0
41221,-0.43,-0.50,-0.47,-80.57,-220.22,188.02,0,0,2270.0
41229,-0.46,-0.54,-0.53,-80.01,-235.55,195.30,0,0,2278.0
41237,-0.48,-0.51,-0.59,-76.44,-250.67,200.55,0,0,2286.0
41245,-0.48,-0.42,-0.61,-73.71,-265.30,209.09,0,0,2294.0
41253,-0.49,-0.36,-0.64,-71.96,-282.38,213.08,0,0,2302.0
41261,-0.51,-0.38,-0.68,-72.73,-294.00,217.84,0,0,2310.0
41269,-0.54,-0.46,-0.76,-65.38,-305.06,223.79,0,0,2318.0
41277,-0.61,-0.51,-0.81,-47.81,-315.35,221.90,0,0,2326.0
41285,-0.64,-0.60,-0.80,-28.00,-322.91,225.33,0,0,2334.0
41292,-0.64,-0.62,-0.80,-7.00,-330.26,229.95,0,0,2341.0
41300,-0.70,-0.61,-0.74,28.56,-333.34,231.49,0,0,2349.0
41308,-0.72,-0.63,-0.66,54.04,-332.15,234.57,0,0,2357.0
41316,-0.74,-0.66,-0.47,79.03,-325.50,239.61,0,0,2365.0
41324,-0.72,-0.67,-0.30,97.23,-314.16,245.21,0,0,2373.0
41332,-0.76,-0.64,-0.27,98.49,-301.35,254.17,0,0,2381.0
41339,-0.88,-0.56,-0.28,87.15,-270.20,259.70,0,0,2388.0
41347,-1.03,-0.42,-0.34,67.27,-270.76,260.33,0,0,2396.0
41355,-1.13,-0.25,-0.41,41.79,-258.51,253.33,9,0,2404.0
41363,-1.19,-0.10,-0.45,22.61,-246.96,240.52,0,0,2412.0
41371,-1.24,-0.09,-0.44,9.10,-234.92,224.56,0,0,2420.0
41378,-1.24,-0.14,-0.45,8.05,-218.05,184.38,0,0,2427.0
41386,-1.03,-0.15,-0.42,11.34,-197.33,160.79,0,0,2435.0
41394,-0.93,-0.14,-0.35,12.81,-163.17,126.07,0,0,2443.0
41402,-0.87,-0.19,-0.23,7.70,-134.54,97.02,0,0,2451.0
41410,-0.76,-0.28,-0.11,-2.52,-101.64,71.33,0,0,2459.0
41418,-0.63,-0.31,0.08,2.80,-64.33,42.70,0,0,2467.0
41425,-0.55,-0.20,0.12,13.72,-25.62,7.21,0,0,2474.0
41433,-0.55,-0.10,0.05,15.54,10.92,-41.44,0,0,2482.0
41441,-0.71,-0.14,0.02,13.93,40.53,-73.29,0,0,2490.0
41449,-0.97,-0.24,-0.15,11.69,76.65,-100.59,0,0,2498.0
41457,-0.97,-0.30,-0.27,34.86,99.26,-125.58,0,0,2506.0
41465,-1.34,-0.26,-0.39,44.73,118.23,-142.24,0,13,2514.0
41472,-1.86,0.19,-0.13,102.20,120.61,-133.42,0,28,2521.0
41483,-2.47,1.08,0.27,138.95,104.44,-104.51,0,55,2532.0
41490,-2.35,0.79,0.04,101.85,112.56,-115.78,0,36,2539.0
41498,-1.91,-0.12,-0.35,59.85,126.91,-150.57,0,34,2547.0
41506,-1.46,-0.23,-0.85,-5.95,129.50,-167.51,0,38,2555.0
41514,-0.94,-0.42,-1.06,-53.83,129.43,-153.23,0,33,2563.0
41521,-0.74,-0.64,-1.21,-65.38,121.38,-141.40,0,30,2570.0
41530,-0.56,-0.87,-1.39,16.80,122.43,-141.75,0,27,2579.0
41537,-0.67,-1.39,-1.36,113.26,116.41,-155.82,0,25,2586.0
41545,-0.97,-1.81,-1.19,161.70,105.00,-163.80,0,25,2594.0
41553,-1.25,-1.55,-1.08,140.77,97.30,-136.64,0,24,2602.0
41561,-1.34,-1.00,-0.76,104.44,82.32,-98.49,0,45,2610.0
41569,-1.23,-0.49,-0.46,60.20,65.59,-74.83,0,48,2618.0
41577,-1.11,-0.35,-0.34,14.07,63.28,-71.40,0,25,2626.0
41584,-1.03,-0.45,-0.35,-8.82,60.41,-69.86,1,12,2633.0
41592,-1.10,-0.46,-0.31,-10.43,54.32,-64.75,3,11,2641.0
41600,-1.20,-0.62,-0.23,0.00,48.79,-58.59,5,8,2649.0
41608,-1.13,-0.69,-0.24,8.12,45.22,-51.94,4,3,2657.0
41616,-1.10,-0.55,-0.26,11.27,40.74,-43.54,5,0,2665.0
41624,-1.08,-0.35,-0.19,-4.48,37.17,-36.68,6,0,2673.0
41632,-1.07,-0.19,-0.12,-28.28,34.51,-31.85,10,2,2681.0
41640,-1.07,-0.12,-0.07,-48.72,32.20,-28.21,10,0,2689.0
41648,-1.07,-0.25,-0.04,-59.36,29.12,-25.90,11,0,2697.0
41656,-1.06,-0.39,-0.03,-60.76,26.74,-23.80,17,0,2705.0
41664,-1.07,-0.45,-0.02,-52.29,24.43,-20.93,13,0,2713.0
41672,-1.08,-0.35,0.00,-49.07,22.96,-18.06,16,0,2721.0
41679,-1.10,-0.19,-0.01,-46.97,21.28,-16.94,18,0,2728.0
41688,-1.10,-0.06,-0.06,-47.67,20.23,-16.24,16,0,2737.0
41695,-1.08,-0.03,-0.09,-49.14,19.32,-17.22,20,0,2744.0
41703,-1.06,0.02,-0.09,-51.87,19.04,-17.57,21,0,2752.0
41711,-1.04,0.06,-0.07,-51.80,18.97,-17.57,24,0,2760.0
41719,-1.04,0.07,-0.03,-49.84,19.46,-19.32,26,0,2768.0
41727,-1.03,0.02,0.03,-49.77,21.00,-17.99,25,0,2776.0
41735,-1.06,0.02,0.07,-45.71,23.24,-19.18,25,0,2784.0
41742,-0.97,0.08,0.08,-39.83,24.15,-22.89,26,0,2791.0
41750,-0.92,0.11,0.13,-38.22,27.93,-27.09,31,0,2799.0
41758,-0.87,0.07,0.17,-33.18,32.62,-27.79,31,1,2807.0
41765,-0.88,0.08,0.20,-33.39,35.91,-29.82,33,0,2814.0
41773,-0.93,0.14,0.20,-36.47,38.99,-34.16,37,0,2822.0
41781,-0.95,0.11,0.21,-35.21,42.14,-37.80,41,0,2830.0
41789,-0.96,0.04,0.22,-38.15,46.27,-40.11,38,0,2838.0
41796,-0.98,-0.12,0.21,-35.98,51.17,-39.41,42,0,2845.0
41804,-1.01,0.03,0.22,-34.93,55.65,-41.51,41,0,2853.0
41812,-1.07,0.06,0.24,-35.77,60.90,-43.54,39,0,2861.0
41820,-1.10,0.08,0.26,-34.02,64.96,-45.43,42,0,2869.0
41828,-1.11,0.12,0.30,-34.72,69.51,-47.74,37,0,2877.0
41835,-1.12,0.21,0.32,-36.19,73.99,-50.05,42,0,2884.0
41843,-1.11,0.27,0.36,-37.52,79.94,-53.55,43,0,2892.0
41851,-1.11,0.32,0.39,-38.57,85.82,-56.63,45,0,2900.0
41859,-1.12,0.36,0.42,-38.22,91.70,-60.13,48,0,2908.0
41866,-1.15,0.43,0.45,-33.81,97.93,-67.13,45,0,2915.0
41874,-1.16,0.43,0.49,-27.51,105.00,-72.66,47,0,2923.0
41882,-1.11,0.52,0.49,-23.17,115.50,-77.49,46,0,2931.0
41890,-1.05,0.58,0.51,-17.78,123.83,-83.51,45,0,2939.0
41898,-1.05,0.56,0.53,-13.51,133.21,-88.20,46,0,2947.0
41905,-1.10,0.60,0.53,-11.48,142.80,-92.26,47,0,2954.0
41913,-1.16,0.68,0.50,-14.42,150.85,-97.16,56,0,2962.0
41921,-1.20,0.75,0.49,-19.32,158.34,-103.39,54,0,2970.0
41928,-1.23,0.81,0.51,-29.61,164.50,-111.23,55,0,2977.0
41936,-1.24,0.93,0.55,-40.32,169.54,-117.53,51,0,2985.0
41944,-1.27,0.91,0.69,-47.04,174.65,-124.32,44,0,2993.0
41952,-1.34,0.85,0.85,-47.11,177.87,-130.27,41,0,3001.0
41959,-1.45,0.81,1.12,-65.38,181.02,-138.88,48,0,3008.0
41967,-1.50,0.72,0.96,-27.65,179.13,-139.72,43,0,3016.0
41975,-1.58,0.59,0.76,-5.39,178.08,-150.15,33,0,3024.0
41983,-1.58,0.33,0.55,24.22,181.37,-166.88,16,0,3032.0
41990,-1.89,0.18,0.47,59.01,186.76,-187.18,6,0,3039.0
41998,-2.06,-0.27,0.49,77.98,197.54,-206.15,6,0,3047.0
42006,-2.11,-0.57,0.51,79.73,202.86,-203.77,6,0,3055.0
42014,-2.16,-0.62,0.27,76.58,200.83,-190.54,4,0,3063.0
42021,-2.07,-0.68,0.14,75.88,189.14,-166.11,1,0,3070.0
42029,-1.89,-0.94,-0.13,74.13,175.49,-140.14,0,0,3078.0
42037,-1.58,-1.17,-0.49,60.90,163.31,-118.58,0,0,3086.0
42045,-1.41,-0.94,-0.68,51.38,146.72,-95.13,0,0,3094.0
42053,-1.54,-0.63,-0.65,52.71,121.66,-57.47,0,0,3102.0
42061,-1.58,-0.65,-0.61,46.76,90.72,-35.91,0,0,3110.0
42068,-1.46,-0.70,-0.62,45.50,48.23,-17.29,0,0,3117.0
42076,-1.19,-0.75,-0.62,42.63,18.41,3.36,0,0,3125.0
42084,-0.94,-0.71,-0.60,32.97,-10.92,26.04,0,0,3133.0
42092,-0.74,-0.68,-0.59,18.83,-40.32,51.45,0,0,3141.0
42100,-0.61,-0.66,-0.56,4.34,-67.83,77.70,0,0,3149.0
42108,-0.48,-0.57,-0.57,-4.90,-94.71,106.75,0,0,3157.0
42115,-0.40,-0.53,-0.54,-13.30,-138.25,125.23,0,0,3164.0
42123,-0.33,-0.50,-0.55,-19.32,-151.76,139.30,0,0,3172.0
42131,-0.30,-0.53,-0.56,-29.47,-172.13,150.71,0,0,3180.0
42139,-0.27,-0.61,-0.55,-39.13,-190.19,162.75,0,0,3188.0
42147,-0.26,-0.71,-0.55,-44.66,-207.83,175.00,1,0,3196.0
42155,-0.27,-0.74,-0.59,-44.31,-224.28,191.45,0,0,3204.0
42163,-0.30,-0.67,-0.60,-39.62,-244.09,201.95,0,0,3212.0
42171,-0.33,-0.61,-0.62,-33.81,-256.97,211.40,0,0,3220.0
42179,-0.34,-0.55,-0.65,-25.76,-269.29,219.87,0,0,3228.0
42187,-0.39,-0.46,-0.66,-18.27,-282.03,222.74,0,0,3236.0
42194,-0.41,-0.49,-0.72,-17.57,-293.02,227.36,0,1,3243.0
42202,-0.30,-0.37,-0.67,-26.60,-301.21,235.06,0,0,3251.0
42210,-0.44,-0.46,-0.66,-25.76,-315.21,239.26,0,0,3259.0
42218,-0.50,-0.44,-0.65,-33.53,-321.44,242.62,0,0,3267.0
42226,-0.59,-0.38,-0.60,-32.76,-326.76,244.79,0,0,3275.0
42234,-0.61,-0.43,-0.60,-26.39,-329.98,248.08,0,0,3283.0
42242,-0.66,-0.38,-0.58,-20.72,-331.10,249.06,0,0,3291.0
42250,-0.69,-0.42,-0.53,-17.64,-328.93,252.70,0,0,3299.0
42258,-0.75,-0.48,-0.48,-17.08,-324.24,255.99,0,0,3307.0
42266,-0.81,-0.52,-0.44,-3.64,-317.66,256.48,0,0,3315.0
42274,-0.85,-0.56,-0.37,3.29,-307.58,257.39,0,0,3323.0
42282,-0.93,-0.51,-0.32,7.56,-295.61,255.92,0,0,3331.0
42290,-1.01,-0.43,-0.31,9.38,-282.45,253.61,0,0,3339.0
42298,-1.15,-0.33,-0.31,5.67,-264.25,247.94,0,0,3347.0
42305,-1.25,-0.24,-0.33,-4.62,-251.30,237.23,0,0,3354.0
42313,-1.32,-0.18,-0.34,-9.17,-238.14,220.50,0,0,3362.0
42321,-1.32,-0.18,-0.34,-7.91,-223.58,179.48,0,0,3370.0
42329,-1.23,-0.17,-0.34,-5.32,-205.66,160.09,0,0,3378.0
42337,-1.10,-0.13,-0.29,-6.86,-175.14,130.27,0,0,3386.0
42345,-0.96,-0.12,-0.24,-17.78,-147.21,100.38,0,0,3394.0
42353,-0.75,-0.15,-0.11,-24.99,-112.98,70.07,0,0,3402.0
42361,-0.60,-0.16,0.06,-21.14,-75.25,36.33,2,0,3410.0
42369,-0.53,-0.21,0.08,-11.34,-36.33,-12.74,0,0,3418.0
42377,-0.55,-0.25,0.01,-4.90,13.58,-46.34,0,0,3426.0
42385,-0.54,-0.24,-0.11,0.35,48.02,-77.49,0,0,3434.0
42392,-0.51,-0.26,-0.25,9.66,79.52,-107.10,0,0,3441.0
42400,-0.51,-0.36,-0.41,15.61,105.35,-134.40,0,0,3449.0
42408,-0.70,-0.50,-0.47,30.03,118.23,-154.28,0,0,3457.0
42416,-1.50,-0.36,-0.59,55.79,125.58,-148.75,0,0,3465.0
42424,-1.63,0.27,-0.07,121.80,93.31,-113.19,0,10,3473.0
42432,-2.32,1.04,0.46,173.67,77.77,-63.91,0,32,3481.0
42439,-2.66,1.03,0.45,179.62,74.41,-39.69,0,50,3488.0
42447,-2.19,0.34,0.45,174.58,94.99,-86.31,0,51,3496.0
42455,-1.63,-0.19,-0.02,119.84,113.40,-148.26,0,65,3504.0
42462,-1.58,0.29,-0.31,41.16,124.32,-149.66,0,45,3511.0
42470,-1.50,0.21,-0.88,-3.92,118.23,-147.14,1,43,3519.0
42478,-1.14,0.27,-1.21,-15.47,118.86,-151.48,0,42,3527.0
42486,-0.89,-0.05,-1.20,26.60,126.98,-160.58,0,30,3535.0
42494,-0.83,-0.79,-1.00,69.30,124.74,-172.97,0,29,3543.0
42501,-0.89,-1.34,-0.91,56.14,116.69,-170.03,0,28,3550.0
42509,-0.98,-1.44,-0.97,-0.70,103.39,-146.30,0,35,3558.0
42517,-0.98,-1.21,-0.80,-49.77,92.33,-117.32,0,35,3566.0
42525,-0.97,-1.02,-0.62,-47.46,84.77,-97.23,0,20,3574.0
42533,-1.06,-0.98,-0.47,-31.78,79.03,-86.59,0,19,3582.0
42541,-1.09,-1.00,-0.36,-15.05,73.36,-77.21,0,19,3590.0
42549,-1.10,-1.08,-0.33,4.20,68.39,-64.19,0,26,3598.0
42557,-1.13,-1.06,-0.28,18.62,63.56,-53.62,0,17,3606.0
42565,-1.16,-0.81,-0.17,27.23,57.82,-48.93,0,7,3614.0
42573,-1.14,-0.43,-0.20,22.40,52.64,-43.26,4,2,3622.0
42581,-1.12,-0.21,-0.22,2.10,49.14,-38.85,4,0,3630.0
42589,-1.06,-0.05,-0.21,-22.19,44.52,-34.51,4,0,3638.0
42597,-1.06,-0.03,-0.17,-52.78,41.93,-30.87,7,0,3646.0
42604,-1.07,-0.11,-0.15,-68.53,39.90,-26.81,9,5,3653.0
42612,-1.10,-0.26,-0.12,-70.70,37.73,-23.59,12,0,3661.0
42620,-1.12,-0.39,-0.10,-59.15,34.86,-22.82,14,0,3669.0
42628,-1.10,-0.37,-0.08,-44.24,31.92,-22.12,16,0,3677.0
42636,-1.08,-0.24,-0.07,-35.70,30.38,-19.74,17,0,3685.0
42644,-1.07,-0.10,-0.06,-39.34,29.47,-16.73,17,0,3693.0
42652,-1.06,-0.01,-0.04,-44.80,28.63,-16.59,19,0,3701.0
42660,-1.05,0.02,-0.04,-50.89,27.58,-17.71,23,0,3709.0
42667,-1.07,-0.00,-0.05,-57.12,26.53,-18.06,21,0,3716.0
42675,-1.04,-0.05,-0.05,-58.80,26.25,-18.48,22,0,3724.0
42683,-1.01,-0.10,-0.04,-57.96,25.90,-19.25,22,10,3732.0
42691,-0.99,-0.10,0.01,-54.25,26.46,-20.44,21,0,3740.0
42699,-0.98,-0.08,0.07,-53.97,28.00,-20.23,22,1,3748.0
42707,-0.98,0.12,0.11,-55.37,29.47,-21.35,27,0,3756.0
42715,-0.96,0.07,0.15,-58.38,31.57,-22.68,27,0,3764.0
42723,-0.93,0.04,0.18,-59.64,34.86,-24.78,27,0,3772.0
42730,-0.91,-0.03,0.20,-54.95,38.22,-27.44,29,0,3779.0
42738,-0.90,-0.09,0.21,-44.38,42.56,-30.45,36,0,3787.0
42746,-0.90,-0.06,0.23,-40.18,47.11,-31.64,37,0,3795.0
42754,-0.89,0.03,0.28,-40.25,51.38,-33.53,30,0,3803.0
42761,-0.92,0.08,0.31,-42.07,55.51,-35.49,45,0,3810.0
42769,-0.97,0.11,0.33,-44.31,61.04,-37.38,32,0,3818.0
42777,-0.98,0.15,0.37,-45.99,67.62,-40.46,34,0,3826.0
42785,-0.96,0.24,0.40,-47.04,73.99,-43.96,36,0,3834.0
42792,-0.95,0.31,0.43,-45.50,82.88,-48.58,38,0,3841.0
42800,-0.95,0.31,0.47,-40.04,90.23,-53.83,37,0,3849.0
42808,-0.97,0.29,0.48,-32.06,97.51,-59.01,38,0,3857.0
42816,-1.00,0.32,0.48,-26.81,104.86,-64.12,40,0,3865.0
42823,-1.04,0.37,0.40,-20.65,111.93,-69.44,42,0,3872.0
42831,-1.09,0.38,0.33,-14.77,118.30,-75.46,41,0,3880.0
42839,-1.13,0.40,0.26,-8.89,124.53,-82.81,41,0,3888.0
42847,-1.15,0.45,0.25,-2.31,131.88,-87.57,41,0,3896.0
42854,-1.14,0.43,0.28,5.04,141.75,-90.79,44,0,3903.0
42862,-1.19,0.47,0.32,13.16,150.01,-93.80,46,0,3911.0
42870,-1.22,0.57,0.35,14.98,157.57,-97.72,44,0,3919.0
42877,-1.27,0.69,0.37,9.17,163.52,-103.88,45,0,3926.0
42885,-1.30,0.78,0.43,-1.96,169.12,-110.95,52,0,3934.0
42893,-1.30,0.89,0.51,-16.80,174.09,-118.58,52,0,3942.0
42901,-1.35,0.89,0.65,-27.65,177.45,-125.37,50,0,3950.0
42908,-1.46,0.66,0.76,-29.54,179.90,-133.63,44,0,3957.0
42916,-1.58,0.67,0.84,-32.62,180.88,-137.48,45,0,3965.0
42924,-1.68,0.60,0.87,-22.82,179.06,-141.75,44,0,3973.0
42932,-1.86,0.54,0.71,-4.06,171.22,-148.40,37,0,3981.0
42940,-1.87,0.55,0.60,21.14,170.87,-160.72,24,0,3989.0
42947,-1.84,0.24,0.51,39.83,177.94,-175.00,7,0,3996.0
42955,-1.90,-0.11,0.54,50.40,192.01,-184.52,3,0,4004.0
42963,-1.96,-0.48,0.37,29.12,197.47,-180.95,4,0,4012.0
42970,-2.16,-0.67,0.11,5.46,194.67,-162.47,11,0,4019.0
42978,-2.21,-0.47,0.06,-5.18,186.34,-139.72,5,0,4027.0
42986,-1.97,-0.80,-0.09,-1.54,170.45,-99.19,15,0,4035.0
42994,-1.55,-1.20,-0.37,12.60,147.07,-68.04,0,0,4043.0
43001,-1.25,-1.40,-0.66,24.85,132.65,-48.58,0,0,4050.0
43009,-1.04,-1.28,-0.84,23.17,115.01,-36.89,0,0,4058.0
43017,-1.29,-0.82,-0.81,52.78,92.47,-16.24,0,0,4066.0
43025,-1.43,-0.62,-0.70,69.51,64.47,4.06,0,0,4074.0
43033,-1.42,-0.63,-0.69,75.39,33.53,21.35,0,0,4082.0
43040,-1.24,-0.69,-0.66,77.14,4.20,43.68,0,0,4089.0
43048,-1.01,-0.68,-0.63,73.78,-22.05,60.34,0,0,4097.0
43056,-0.69,-0.64,-0.55,60.76,-54.60,80.50,0,0,4105.0
43064,-0.49,-0.56,-0.51,41.93,-78.68,101.29,0,0,4113.0
43071,-0.35,-0.52,-0.48,11.20,-101.78,123.06,0,0,4120.0
43079,-0.31,-0.44,-0.44,-6.16,-125.16,140.98,0,0,4128.0
43087,-0.29,-0.43,-0.49,-17.29,-147.42,154.35,0,0,4136.0
43095,-0.28,-0.52,-0.51,-23.94,-168.35,167.93,0,0,4144.0
43103,-0.25,-0.59,-0.55,-29.19,-192.92,176.96,0,0,4152.0
43111,-0.23,-0.62,-0.57,-31.92,-209.37,186.41,8,0,4160.0
43119,-0.25,-0.58,-0.59,-31.36,-224.77,196.00,0,0,4168.0
43127,-0.28,-0.54,-0.60,-31.64,-239.26,207.55,0,0,4176.0
43135,-0.30,-0.48,-0.59,-33.95,-252.07,218.12,0,0,4184.0
43143,-0.35,-0.42,-0.58,-36.19,-263.76,226.73,0,0,4192.0
43150,-0.34,-0.40,-0.59,-39.83,-278.74,232.05,0,0,4199.0
43158,-0.39,-0.42,-0.59,-42.56,-289.38,234.99,0,0,4207.0
43166,-0.44,-0.54,-0.62,-41.44,-298.34,237.37,0,0,4215.0
43174,-0.49,-0.63,-0.62,-30.45,-306.46,239.26,0,0,4223.0
43182,-0.54,-0.64,-0.61,-8.75,-312.83,240.52,0,0,4231.0
43190,-0.61,-0.65,-0.59,16.10,-316.40,242.41,0,0,4239.0
43198,-0.71,-0.72,-0.56,42.70,-316.26,245.84,0,0,4247.0
43206,-0.73,-0.75,-0.56,71.96,-311.22,249.62,0,0,4255.0
43213,-0.70,-0.63,-0.43,105.35,-301.63,251.79,0,0,4262.0
43221,-0.72,-0.49,-0.31,108.85,-290.22,255.71,0,0,4270.0
43229,-0.80,-0.32,-0.27,91.00,-279.30,259.07,0,0,4278.0
43237,-0.94,-0.16,-0.24,57.19,-269.57,262.78,0,0,4286.0
43245,-1.06,-0.07,-0.24,17.36,-259.56,258.44,0,0,4294.0
43253,-1.19,-0.03,-0.20,-13.51,-244.30,245.21,0,0,4302.0
43261,-1.24,-0.13,-0.21,-48.65,-232.19,230.93,0,0,4310.0
43269,-1.31,-0.24,-0.29,-65.73,-220.78,213.22,0,0,4318.0
43277,-1.27,-0.34,-0.28,-65.66,-208.04,184.24,0,0,4326.0
43285,-1.15,-0.27,-0.30,-57.05,-185.15,156.52,0,0,4334.0
43293,-1.04,-0.27,-0.33,-53.06,-165.06,127.89,0,0,4342.0
43300,-0.93,-0.31,-0.28,-58.31,-142.24,99.40,0,0,4349.0
43308,-0.81,-0.31,-0.20,-59.29,-115.64,70.56,0,0,4357.0
43316,-0.73,-0.28,-0.10,-57.61,-84.77,42.07,0,0,4365.0
43324,-0.70,-0.13,-0.07,-53.13,-52.57,2.31,0,0,4373.0
43332,-0.67,-0.11,-0.09,-52.92,-2.73,-29.05,0,0,4381.0
43340,-0.66,-0.20,-0.15,-53.48,20.37,-59.36,0,0,4389.0
43348,-0.65,-0.35,-0.27,-46.20,48.65,-86.45,0,0,4397.0
43356,-0.67,-0.50,-0.39,-30.94,73.01,-112.07,0,0,4405.0
43363,-0.74,-0.66,-0.56,-11.41,91.84,-134.89,0,0,4412.0
43371,-1.04,-0.72,-0.55,17.50,102.20,-146.37,0,0,4420.0
43379,-1.37,-0.40,-0.62,55.16,112.56,-137.34,0,0,4428.0
43387,-1.47,0.26,-0.22,125.23,100.66,-104.30,0,11,4436.0
43395,-2.08,0.90,0.27,210.91,83.44,-63.14,0,35,4444.0
43402,-2.47,0.94,0.27,213.22,77.56,-36.54,0,45,4451.0
43410,-2.16,0.31,0.27,214.62,89.11,-76.51,0,59,4459.0
43418,-1.66,-0.11,-0.30,162.12,103.25,-134.12,0,46,4467.0
43425,-1.46,0.47,-0.63,74.34,110.25,-142.80,0,48,4474.0
43433,-1.29,0.46,-0.81,34.30,107.94,-146.44,0,33,4482.0
43441,-1.03,0.11,-0.99,36.75,111.23,-152.74,0,38,4490.0
43448,-0.91,-0.57,-0.98,79.87,113.68,-160.51,0,37,4497.0
43456,-0.83,-1.34,-0.87,120.75,110.32,-170.03,0,27,4505.0
43464,-0.91,-1.71,-0.88,107.31,105.14,-158.76,0,26,4513.0
43472,-1.04,-1.47,-0.88,51.73,90.44,-134.47,0,23,4521.0
43480,-1.09,-1.00,-0.65,-4.55,77.07,-107.24,0,23,4529.0
43488,-1.07,-0.69,-0.46,-35.49,69.93,-86.94,0,31,4537.0
43496,-1.07,-0.65,-0.33,-38.50,64.61,-76.58,0,24,4545.0
43503,-1.13,-0.94,-0.25,-30.45,61.67,-68.04,0,45,4552.0
43511,-1.12,-1.13,-0.33,-13.86,56.42,-55.09,0,17,4560.0
43519,-1.19,-1.08,-0.31,23.66,51.10,-45.99,0,15,4568.0
43527,-1.16,-0.85,-0.26,49.77,46.34,-43.19,2,12,4576.0
43535,-1.16,-0.52,-0.35,54.88,42.49,-40.32,3,13,4584.0
43543,-1.16,-0.16,-0.37,41.02,38.15,-18.69,3,0,4592.0
43551,-1.10,0.10,-0.32,9.66,34.30,-28.49,7,0,4600.0
43558,-1.10,0.16,-0.20,-25.34,31.08,-26.60,5,0,4607.0
43566,-1.10,0.04,-0.12,-55.72,27.23,-24.50,8,0,4615.0
43574,-1.09,-0.18,-0.05,-70.14,25.69,-23.52,10,0,4623.0
43582,-1.07,-0.36,-0.02,-60.55,24.15,-21.56,12,0,4631.0
43590,-1.08,-0.41,0.04,-47.74,22.68,-20.23,20,0,4639.0
43598,-1.09,-0.15,0.07,-41.51,21.98,-16.52,18,0,4647.0
43605,-1.11,-0.00,0.07,-42.42,21.28,-16.52,19,0,4654.0
43613,-1.09,0.11,0.02,-43.05,20.93,-19.46,22,0,4662.0
43621,-1.04,0.14,0.00,-46.48,21.42,-22.33,22,0,4670.0
43629,-1.02,0.13,-0.00,-46.13,22.40,-24.50,27,1,4678.0
43636,-0.98,0.08,0.00,-44.03,24.22,-24.36,28,0,4685.0
43644,-0.97,0.06,0.02,-38.01,25.83,-25.69,27,0,4693.0
43652,-0.95,0.06,0.07,-35.07,28.21,-28.21,30,0,4701.0
43660,-0.93,0.08,0.12,-33.53,31.22,-31.29,32,0,4709.0
43667,-0.90,0.10,0.17,-33.81,34.79,-33.95,31,0,4716.0
43675,-0.86,0.09,0.21,-38.71,38.99,-35.42,32,0,4724.0
43683,-0.86,0.07,0.19,-41.37,42.56,-38.29,33,0,4732.0
43690,-0.90,-0.03,0.19,-40.67,45.15,-41.09,35,0,4739.0
43698,-0.94,-0.09,0.21,-40.39,48.93,-42.91,39,0,4747.0
43706,-0.98,-0.07,0.23,-43.61,53.13,-43.26,41,0,4755.0
43714,-1.02,0.05,0.27,-47.81,57.05,-45.01,41,0,4763.0
43722,-1.01,0.14,0.30,-50.40,60.97,-48.37,39,0,4771.0
43729,-0.98,0.18,0.32,-50.75,65.66,-51.10,41,0,4778.0
43737,-0.96,0.25,0.34,-49.98,71.89,-55.23,43,0,4786.0
43745,-0.97,0.28,0.36,-47.95,78.96,-59.15,43,0,4794.0
43752,-1.01,0.30,0.35,-43.96,88.41,-63.91,45,0,4801.0
43760,-1.04,0.33,0.36,-41.09,94.57,-68.46,46,0,4809.0
43768,-1.09,0.38,0.37,-38.71,101.92,-72.80,44,0,4817.0
43776,-1.11,0.42,0.35,-37.52,109.13,-77.21,47,0,4825.0
43784,-1.13,0.46,0.31,-33.81,115.64,-82.25,51,0,4833.0
43791,-1.14,0.44,0.31,-26.74,122.64,-87.57,52,0,4840.0
43799,-1.13,0.37,0.35,-17.57,130.62,-92.26,57,0,4848.0
43807,-1.17,0.40,0.37,-9.73,138.88,-95.62,58,0,4856.0
43815,-1.20,0.45,0.38,-7.56,149.03,-99.96,56,0,4864.0
43822,-1.26,0.52,0.42,-9.24,155.68,-105.21,55,0,4871.0
43830,-1.29,0.58,0.46,-16.94,161.07,-110.95,51,0,4879.0
43838,-1.30,0.68,0.49,-32.55,165.76,-117.88,54,0,4887.0
43845,-1.31,0.75,0.58,-45.99,170.24,-125.09,50,0,4894.0
43853,-1.36,0.78,0.65,-58.31,174.23,-129.50,44,0,4902.0
43861,-1.47,0.83,0.70,-64.47,175.91,-133.77,43,0,4910.0
43869,-1.56,0.81,0.70,-66.64,175.70,-138.95,46,0,4918.0
43877,-1.68,0.81,0.57,-73.01,173.74,-141.68,49,0,4926.0
43884,-1.76,0.91,0.63,-57.82,165.41,-149.38,34,0,4933.0
43892,-1.82,0.77,0.44,-43.33,168.84,-162.40,24,0,4941.0
43900,-1.77,0.16,0.58,-13.37,185.71,-176.40,0,0,4949.0
43907,-1.71,-0.46,0.73,-0.14,202.30,-180.32,7,0,4956.0
43915,-1.95,-1.02,0.18,-2.59,204.12,-165.27,5,0,4964.0
43923,-2.27,-0.84,0.09,0.77,199.15,-147.98,4,0,4972.0
43931,-2.29,-0.79,-0.08,10.92,186.55,-117.67,1,0,4980.0
43939,-2.03,-1.02,-0.40,27.79,170.10,-92.75,1,0,4988.0
43947,-1.59,-1.18,-0.68,46.55,147.07,-76.16,0,0,4996.0
43954,-1.27,-1.12,-0.96,50.47,131.39,-66.50,0,0,5003.0
43962,-1.20,-0.75,-0.87,55.44,110.39,-52.36,0,0,5011.0
43970,-1.40,-0.45,-0.76,76.02,83.37,-35.07,0,0,5019.0
43978,-1.46,-0.43,-0.62,73.08,52.92,-17.01,0,0,5027.0
43986,-1.30,-0.63,-0.57,69.79,22.33,6.65,0,0,5035.0
43994,-0.93,-0.73,-0.53,61.95,-15.75,25.55,0,0,5043.0
44002,-0.73,-0.73,-0.50,53.62,-41.93,45.92,0,0,5051.0
44009,-0.52,-0.72,-0.48,38.22,-66.85,66.43,0,0,5058.0
44017,-0.40,-0.64,-0.45,26.60,-91.35,84.00,0,0,5066.0
44025,-0.36,-0.57,-0.42,13.58,-115.01,100.31,0,0,5074.0
44033,-0.37,-0.53,-0.43,2.10,-137.69,120.68,0,0,5082.0
44041,-0.41,-0.51,-0.45,-5.32,-158.20,132.86,0,0,5090.0
44049,-0.39,-0.49,-0.46,-10.08,-181.65,144.20,0,0,5098.0
44057,-0.35,-0.47,-0.47,-17.99,-197.68,155.47,0,0,5106.0
44065,-0.31,-0.45,-0.49,-26.53,-212.80,167.79,0,0,5114.0
44072,-0.30,-0.44,-0.49,-36.26,-227.08,179.20,0,0,5121.0
44080,-0.31,-0.43,-0.50,-48.23,-241.01,193.27,1,0,5129.0
44088,-0.33,-0.40,-0.51,-63.42,-257.81,203.91,3,0,5137.0
44097,-0.36,-0.34,-0.53,-82.81,-269.29,211.54,0,0,5146.0
44105,-0.37,-0.33,-0.55,-93.94,-280.42,217.35,0,0,5154.0
44112,-0.38,-0.30,-0.59,-98.98,-292.95,220.50,0,0,5161.0
44120,-0.44,-0.38,-0.63,-100.59,-304.78,220.99,0,0,5169.0
44128,-0.52,-0.42,-0.63,-98.77,-318.71,221.13,0,0,5177.0
44136,-0.57,-0.44,-0.63,-87.85,-327.74,221.27,0,0,5185.0
44144,-0.63,-0.44,-0.62,-72.31,-336.14,218.19,0,0,5193.0
44152,-0.65,-0.45,-0.59,-53.41,-341.81,215.74,0,0,5201.0
44160,-0.70,-0.50,-0.57,-31.78,-346.01,213.64,0,0,5209.0
44168,-0.78,-0.54,-0.55,-11.62,-348.32,213.01,0,0,5217.0
44176,-0.86,-0.56,-0.53,9.24,-347.20,214.97,0,0,5225.0
44184,-0.90,-0.52,-0.44,33.32,-341.81,217.98,0,0,5233.0
44191,-0.92,-0.47,-0.27,42.07,-332.78,222.25,0,0,5240.0
44199,-0.96,-0.39,-0.17,42.14,-319.62,224.35,0,0,5248.0
44207,-1.04,-0.36,-0.14,32.76,-302.75,226.31,0,0,5256.0
44215,-1.19,-0.33,-0.13,19.46,-285.67,224.07,0,0,5264.0
44223,-1.36,-0.31,-0.20,6.72,-261.38,215.25,0,0,5272.0
44231,-1.46,-0.35,-0.31,-3.78,-244.51,203.21,0,0,5280.0
44239,-1.43,-0.41,-0.45,-2.52,-229.04,191.10,0,1,5288.0
44247,-1.30,-0.44,-0.53,8.82,-212.31,171.01,0,0,5296.0
44254,-1.10,-0.43,-0.52,24.50,-190.61,135.31,0,0,5303.0
44262,-0.96,-0.30,-0.43,38.78,-164.29,99.82,0,0,5311.0
44270,-0.79,-0.13,-0.30,41.51,-121.31,61.95,0,0,5319.0
44278,-0.74,0.06,-0.09,28.21,-82.74,25.27,0,0,5327.0
44286,-0.71,0.17,0.08,4.76,-41.30,-11.62,0,0,5335.0
44293,-0.61,0.03,0.08,-7.28,-0.42,-45.85,0,0,5342.0
44301,-0.55,-0.19,-0.12,-9.73,37.73,-76.51,0,0,5350.0
44309,-0.55,-0.34,-0.33,-3.57,71.89,-114.38,0,0,5358.0
44317,-0.57,-0.42,-0.51,6.44,110.81,-140.28,0,0,5366.0
44325,-0.65,-0.54,-0.73,15.89,131.81,-164.99,0,0,5374.0
44333,-0.78,-0.77,-0.86,23.59,138.53,-181.09,0,0,5382.0
44340,-1.46,-0.66,-0.64,85.89,127.68,-167.23,0,0,5389.0
44348,-1.73,0.16,0.16,169.47,92.33,-116.13,0,1,5397.0
44356,-2.23,0.73,0.37,202.09,55.09,-32.83,0,24,5405.0
44363,-2.59,1.13,0.30,200.06,43.33,21.56,0,41,5412.0
44371,-1.99,0.68,0.23,187.11,60.27,-50.12,0,55,5420.0
44379,-1.31,0.34,-0.02,105.00,85.05,-112.21,0,45,5428.0
44386,-1.52,1.05,-0.31,35.70,109.76,-120.68,0,49,5435.0
44394,-2.06,1.02,-0.59,6.37,113.89,-123.06,0,44,5443.0
44402,-1.59,0.72,-1.05,10.22,117.32,-138.88,0,39,5451.0
44410,-1.22,0.12,-1.22,47.67,118.44,-158.69,0,35,5459.0
44417,-1.08,-0.55,-1.03,61.11,117.11,-174.09,0,39,5466.0
44425,-0.98,-1.04,-0.76,14.28,118.79,-161.56,0,28,5474.0
44433,-0.86,-1.24,-0.70,-40.60,110.32,-126.84,0,30,5482.0
44441,-0.85,-1.20,-0.57,-60.27,99.12,-103.32,0,26,5490.0
44449,-0.84,-1.28,-0.50,-42.14,89.25,-98.84,0,27,5498.0
44457,-0.97,-1.39,-0.45,-11.41,78.96,-95.13,0,30,5506.0
44465,-1.05,-1.27,-0.30,18.97,70.21,-79.66,0,21,5514.0
44472,-1.09,-1.13,-0.19,21.70,63.98,-58.94,0,17,5521.0
44480,-1.16,-1.02,-0.15,17.78,58.80,-43.19,6,15,5529.0
44488,-1.11,-0.78,-0.17,10.78,53.97,-34.09,0,15,5537.0
44496,-1.09,-0.26,-0.17,1.26,48.37,-32.34,0,14,5545.0
44504,-1.10,-0.02,-0.20,-18.97,42.35,-30.17,0,8,5553.0
44511,-1.09,0.15,-0.23,-39.48,40.18,-29.05,0,6,5560.0
44519,-1.08,0.13,-0.25,-66.15,38.92,-25.83,0,4,5568.0
44527,-1.12,0.04,-0.23,-74.13,37.94,-24.01,0,1,5576.0
44535,-1.12,-0.08,-0.15,-72.52,37.03,-22.75,0,0,5584.0
44543,-1.11,-0.16,-0.07,-64.26,36.05,-22.47,0,0,5592.0
44550,-1.09,-0.19,-0.01,-55.09,34.72,-22.40,0,0,5599.0
44558,-1.07,-0.14,0.07,-49.35,33.25,-20.65,0,0,5607.0
44566,-1.08,-0.07,0.12,-47.74,32.41,-19.25,0,0,5615.0
44574,-1.04,0.00,0.13,-55.09,32.48,-17.50,0,0,5623.0
44582,-0.99,0.05,0.12,-60.41,32.83,-17.99,0,0,5631.0
44590,-0.98,0.01,0.11,-61.46,33.32,-21.21,0,0,5639.0
44597,-0.97,-0.05,0.11,-61.74,34.86,-23.24,0,1,5646.0
44605,-0.90,-0.14,0.11,-61.18,36.54,-18.55,0,0,5654.0
44613,-0.96,-0.03,0.11,-61.39,38.71,-21.56,0,0,5662.0
44621,-0.99,0.06,0.11,-61.25,40.60,-24.43,0,0,5670.0
44629,-0.87,-0.05,0.12,-63.98,42.63,-21.14,0,0,5678.0
44637,-1.01,-0.06,0.09,-55.02,42.98,-29.19,1,0,5686.0
44644,-0.97,-0.07,0.14,-55.93,45.29,-32.55,4,0,5693.0
44652,-0.86,-0.23,0.12,-46.97,46.48,-26.32,4,0,5701.0
44660,-0.93,-0.19,0.18,-33.11,48.51,-31.22,9,0,5709.0
44668,-0.95,-0.11,0.20,-25.62,50.26,-35.70,10,0,5717.0
44676,-0.90,-0.02,0.24,-33.39,54.39,-35.28,16,0,5725.0
44684,-0.94,0.10,0.25,-34.02,57.75,-37.17,14,0,5733.0
44692,-0.92,0.11,0.30,-36.75,62.93,-37.66,20,0,5741.0
44699,-0.93,0.06,0.35,-36.75,67.90,-39.27,24,0,5748.0
44708,-1.05,0.13,0.36,-31.99,75.74,-44.45,28,0,5757.0
44716,-1.03,0.28,0.41,-30.73,82.18,-48.37,12,0,5765.0
44723,-0.99,0.39,0.42,-34.93,88.20,-51.38,25,0,5772.0
44731,-1.02,0.42,0.45,-37.94,94.15,-56.56,26,0,5780.0
44739,-1.08,0.35,0.46,-37.31,100.94,-61.81,25,0,5788.0
44747,-1.20,0.33,0.47,-36.26,107.03,-67.83,29,0,5796.0
44754,-1.18,0.39,0.46,-33.46,113.12,-73.43,30,0,5803.0
44762,-1.20,0.40,0.46,-26.25,118.58,-79.52,35,0,5811.0
44770,-1.18,0.41,0.44,-18.83,127.96,-84.56,34,0,5819.0
44778,-1.12,0.40,0.45,-13.30,137.48,-86.03,50,0,5827.0
44785,-1.16,0.47,0.39,-5.04,146.09,-90.02,39,0,5834.0
44793,-1.22,0.53,0.39,-6.72,153.58,-92.68,39,0,5842.0
44801,-1.26,0.59,0.41,-5.25,159.60,-97.44,42,0,5850.0
44809,-1.27,0.59,0.44,-11.69,165.90,-101.29,45,0,5858.0
44816,-1.25,0.75,0.46,-22.33,170.87,-125.02,44,0,5865.0
44824,-1.25,0.90,0.57,-33.04,174.02,-116.90,43,0,5873.0
44832,-1.30,0.80,0.65,-37.24,175.77,-123.90,42,0,5881.0
44840,-1.41,0.74,0.71,-36.26,177.52,-129.36,46,1,5889.0
44847,-1.49,0.72,0.84,-27.72,176.89,-135.31,44,0,5896.0
44855,-1.52,0.81,0.84,-8.33,172.90,-138.25,48,0,5904.0
44863,-1.64,0.63,0.61,14.42,169.61,-152.11,37,0,5912.0
44871,-1.71,0.49,0.48,30.31,174.16,-168.00,18,0,5920.0
44878,-1.75,0.12,0.44,33.04,183.33,-185.29,7,0,5927.0
44886,-1.85,-0.12,0.70,19.46,198.31,-194.67,2,0,5935.0
44894,-2.06,-0.45,0.16,-12.25,199.15,-184.94,4,0,5943.0
44902,-2.26,-0.40,0.16,-30.17,190.47,-167.30,5,0,5951.0
44909,-2.11,-0.60,0.05,-34.65,177.24,-141.61,3,0,5958.0
44917,-1.82,-1.10,-0.13,-15.82,160.37,-112.42,0,0,5966.0
44925,-1.52,-1.47,-0.54,5.88,142.80,-82.95,0,0,5974.0
44933,-1.20,-1.56,-0.92,15.47,128.87,-60.62,0,0,5982.0
44941,-1.05,-0.99,-0.81,28.56,106.61,-41.86,0,0,5990.0
44949,-1.26,-0.67,-0.71,60.41,70.70,-22.33,0,0,5998.0
44957,-1.26,-0.64,-0.61,75.67,40.18,-2.87,0,0,6006.0
44965,-1.07,-0.69,-0.55,81.69,11.41,21.28,0,0,6014.0
44972,-0.85,-0.75,-0.50,75.11,-16.52,44.38,0,0,6021.0
44980,-0.65,-0.80,-0.46,65.52,-42.84,67.97,0,1,6029.0
44988,-0.52,-0.83,-0.42,51.52,-67.90,90.93,0,0,6037.0
44996,-0.43,-0.76,-0.41,38.36,-91.35,118.86,0,0,6045.0
45003,-0.39,-0.71,-0.37,28.07,-113.26,136.36,0,0,6052.0
45011,-0.34,-0.64,-0.39,23.24,-140.21,149.52,0,0,6060.0
45019,-0.36,-0.64,-0.42,21.07,-158.83,161.07,0,0,6068.0
45027,-0.35,-0.63,-0.45,17.08,-175.42,172.90,0,0,6076.0
45035,-0.38,-0.59,-0.46,11.27,-190.54,182.84,0,0,6084.0
45043,-0.42,-0.49,-0.46,3.01,-205.52,193.62,0,0,6092.0
45051,-0.46,-0.40,-0.46,-8.26,-220.50,203.00,0,0,6100.0
45059,-0.44,-0.33,-0.45,-26.81,-236.46,219.52,0,0,6108.0
45066,-0.58,-0.17,-0.55,-35.63,-257.11,216.79,0,0,6115.0
45074,-0.53,-0.18,-0.55,-47.88,-267.61,217.70,0,0,6123.0
45082,-0.36,-0.40,-0.58,-70.14,-276.71,238.77,0,0,6131.0
45090,-0.58,-0.23,-0.58,-69.51,-291.62,225.05,0,0,6139.0
45098,-0.85,-0.34,-0.62,-66.43,-300.02,212.03,0,0,6147.0
45106,-0.58,-0.39,-0.75,-47.53,-309.33,213.85,0,0,6155.0
45114,-0.61,-0.27,-0.63,-36.54,-318.15,217.63,0,0,6163.0
45122,-0.69,-0.36,-0.58,-24.71,-327.74,214.62,0,0,6171.0
45130,-0.67,-0.60,-0.60,-5.18,-333.55,222.67,0,0,6179.0
45138,-0.64,-0.48,-0.57,16.73,-334.88,223.79,0,0,6187.0
45145,-0.99,-0.40,-0.52,39.06,-339.85,216.02,0,0,6194.0
45153,-0.93,-0.37,-0.42,54.60,-335.79,220.92,0,0,6202.0
45161,-1.05,-0.26,-0.21,73.01,-327.67,219.87,0,0,6210.0
45169,-0.99,-0.27,-0.09,64.47,-315.21,219.17,3,0,6218.0
45177,-0.96,-0.31,-0.02,40.81,-298.97,228.13,0,0,6226.0
45185,-1.06,-0.37,-0.02,14.14,-284.69,240.73,0,0,6234.0
45193,-1.25,-0.38,-0.04,-6.16,-264.18,236.25,0,0,6242.0
45201,-1.50,-0.49,-0.16,-14.84,-250.67,223.93,0,0,6250.0
45209,-1.54,-0.57,-0.40,-3.99,-240.94,205.94,0,0,6258.0
45217,-1.40,-0.49,-0.56,16.45,-229.88,184.94,0,0,6266.0
45225,-1.06,-0.28,-0.51,28.63,-211.47,152.53,0,0,6274.0
45232,-0.83,-0.15,-0.34,36.40,-169.96,117.67,0,0,6281.0
45240,-0.65,0.02,-0.14,28.14,-146.23,81.13,0,0,6289.0
45248,-0.67,0.16,0.01,7.91,-108.92,44.10,0,0,6297.0
45256,-0.67,0.12,0.14,-18.41,-66.99,5.81,0,0,6305.0
45264,-0.59,-0.11,0.14,-24.01,-23.24,-29.89,0,0,6313.0
45272,-0.57,-0.31,-0.02,-20.02,17.43,-73.78,0,0,6321.0
45280,-0.58,-0.39,-0.27,-14.91,54.67,-102.20,0,0,6329.0
45288,-0.56,-0.48,-0.51,-4.34,97.51,-130.20,0,0,6337.0
45296,-0.59,-0.62,-0.71,15.61,122.29,-157.50,0,0,6345.0
45303,-0.78,-0.77,-0.70,36.40,132.44,-175.98,0,0,6352.0
45311,-1.54,-0.49,-0.66,78.26,130.34,-163.80,0,0,6360.0
45320,-1.88,0.50,-0.18,159.11,93.45,-91.98,0,11,6369.0
45327,-2.58,1.24,0.35,204.40,67.13,-30.24,0,36,6376.0
45335,-2.58,1.13,0.34,203.98,71.33,-18.62,0,38,6384.0
45343,-1.78,0.26,0.37,177.94,93.73,-98.49,0,48,6392.0
45350,-1.35,0.47,-0.04,91.84,116.48,-149.59,0,67,6399.0
45358,-1.73,0.69,-0.55,25.48,125.58,-142.87,0,45,6407.0
45366,-1.70,0.62,-0.84,-5.60,121.80,-144.76,0,48,6415.0
45374,-1.24,0.30,-1.07,6.09,129.15,-162.75,0,33,6423.0
45382,-1.03,-0.45,-1.21,48.51,143.36,-176.05,0,49,6431.0
45390,-1.02,-0.98,-1.16,67.90,138.74,-181.23,0,32,6439.0
45398,-0.96,-1.22,-1.02,23.52,126.21,-164.57,0,26,6447.0
45405,-0.88,-1.29,-0.90,-41.30,109.83,-137.48,0,24,6454.0
45413,-0.79,-1.23,-0.76,-71.12,97.58,-114.38,0,19,6462.0
45421,-0.82,-1.28,-0.66,-54.74,86.94,-93.24,0,48,6470.0
45429,-0.99,-1.34,-0.48,-27.44,76.72,-86.87,0,27,6478.0
45437,-1.13,-1.33,-0.37,1.61,69.93,-73.57,0,23,6486.0
45445,-1.16,-1.33,-0.39,18.48,64.26,-55.30,0,12,6494.0
45453,-1.20,-1.12,-0.33,28.98,58.17,-42.49,0,8,6502.0
45461,-1.16,-0.60,-0.26,31.22,51.80,-35.07,0,6,6510.0
45469,-1.13,-0.32,-0.26,17.57,45.43,-31.85,1,3,6518.0
45477,-1.14,-0.05,-0.27,-5.67,40.88,-29.96,3,1,6526.0
45485,-1.10,0.07,-0.24,-42.35,37.17,-25.34,5,0,6534.0
45492,-1.06,0.06,-0.19,-72.10,35.00,-20.51,5,0,6541.0
45500,-1.10,-0.00,-0.13,-87.29,33.04,-18.48,4,0,6549.0
45508,-1.12,-0.17,-0.07,-85.89,30.94,-16.31,5,0,6557.0
45516,-1.13,-0.35,-0.01,-72.87,28.77,-16.24,6,0,6565.0
45524,-1.12,-0.39,0.05,-58.31,27.30,-15.61,7,0,6573.0
45532,-1.10,-0.26,0.08,-49.77,26.74,-13.65,10,0,6581.0
45539,-1.07,-0.08,0.09,-52.57,26.04,-11.76,12,0,6588.0
45547,-1.06,0.02,0.08,-54.60,24.15,-11.20,14,0,6596.0
45555,-1.06,0.03,0.08,-58.66,23.80,-12.25,17,0,6604.0
45563,-1.04,0.01,0.08,-60.48,24.01,-13.51,18,0,6612.0
45570,-1.04,-0.02,0.07,-56.70,24.57,-15.54,21,0,6619.0
45578,-0.96,-0.05,0.09,-51.10,27.09,-17.29,21,0,6627.0
45586,-0.90,-0.06,0.13,-44.66,30.03,-18.06,22,0,6635.0
45594,-0.87,-0.00,0.16,-37.87,33.60,-19.39,30,0,6643.0
45602,-0.86,0.06,0.23,-36.40,36.68,-22.54,106,0,6651.0
45610,-0.85,0.09,0.28,-36.26,40.53,-25.97,101,0,6659.0
45618,-0.83,0.09,0.30,-36.82,44.31,-29.82,83,0,6667.0
45625,-0.86,0.10,0.28,-37.80,47.32,-35.70,63,0,6674.0
45633,-0.85,0.04,0.25,-34.30,50.68,-38.50,41,0,6682.0
45641,-0.84,-0.02,0.22,-31.71,54.32,-39.76,35,0,6690.0
45649,-0.85,-0.06,0.19,-25.90,59.01,-40.18,35,0,6698.0
45657,-0.91,0.03,0.17,-25.90,64.05,-41.09,30,0,6706.0
45664,-1.02,0.15,0.16,-26.74,68.04,-42.77,30,1,6713.0
45672,-1.05,0.19,0.21,-28.70,72.66,-45.08,36,0,6721.0
45680,-1.05,0.26,0.28,-32.27,78.61,-48.30,34,0,6729.0
45688,-1.08,0.32,0.34,-33.18,86.31,-51.80,39,0,6737.0
45695,-1.10,0.29,0.43,-29.89,92.26,-56.07,35,0,6744.0
45703,-1.08,0.26,0.49,-24.71,99.68,-60.20,38,0,6752.0
45711,-1.05,0.35,0.49,-20.09,107.66,-64.89,41,0,6760.0
45719,-1.08,0.41,0.45,-16.73,114.80,-70.77,40,0,6768.0
45726,-1.13,0.42,0.36,-13.79,121.87,-75.74,43,0,6775.0
45734,-1.18,0.46,0.34,-7.84,129.50,-80.29,44,0,6783.0
45742,-1.15,0.47,0.39,-2.31,137.83,-86.59,48,0,6791.0
45750,-1.16,0.49,0.41,3.15,147.00,-90.23,54,0,6799.0
45758,-1.24,0.54,0.44,6.51,157.08,-96.32,48,0,6807.0
45765,-1.29,0.58,0.51,6.23,164.71,-101.22,46,0,6814.0
45773,-1.31,0.66,0.52,-0.70,171.08,-107.66,46,0,6822.0
45781,-1.34,0.76,0.56,-13.93,177.03,-114.94,47,0,6830.0
45789,-1.34,0.85,0.62,-29.33,181.86,-122.50,52,0,6838.0
45797,-1.38,0.88,0.67,-44.03,184.03,-131.95,43,0,6846.0
45804,-1.49,0.78,0.73,-48.79,184.94,-137.97,40,0,6853.0
45812,-1.60,0.65,0.76,-47.95,183.68,-141.61,44,0,6861.0
45820,-1.73,0.58,0.86,-43.82,182.21,-146.65,37,0,6869.0
45828,-1.77,0.44,0.65,-12.18,176.61,-150.22,38,0,6877.0
45836,-1.78,0.35,0.60,15.82,179.76,-162.89,14,0,6885.0
45843,-1.80,-0.07,0.53,44.31,188.09,-177.94,7,0,6892.0
45851,-1.86,-0.33,0.65,62.30,201.95,-184.03,2,0,6900.0
45859,-1.93,-0.77,0.17,44.80,204.47,-170.10,6,0,6908.0
45866,-2.22,-0.58,0.05,23.03,198.31,-151.27,5,0,6915.0
45874,-2.25,-0.49,-0.01,12.53,186.90,-126.07,1,0,6923.0
45882,-1.83,-0.85,-0.20,13.51,164.50,-96.81,2,0,6931.0
45890,-1.49,-1.33,-0.51,17.57,148.12,-72.17,0,0,6939.0
45897,-1.17,-1.37,-0.87,20.23,130.83,-58.31,0,0,6946.0
45905,-1.13,-0.97,-0.75,37.73,105.42,-41.30,0,0,6954.0
45913,-1.38,-0.63,-0.65,58.10,77.56,-19.53,0,0,6962.0
45921,-1.43,-0.62,-0.64,69.65,45.64,0.98,0,0,6970.0
45929,-1.29,-0.79,-0.62,74.20,14.42,26.25,0,0,6978.0
45937,-0.99,-0.81,-0.62,72.38,-24.64,45.85,0,0,6986.0
45944,-0.75,-0.76,-0.55,64.54,-49.98,67.13,0,0,6993.0
45952,-0.56,-0.62,-0.51,47.39,-73.08,87.08,0,0,7001.0
45960,-0.41,-0.51,-0.47,30.38,-96.53,106.82,0,0,7009.0
45968,-0.34,-0.43,-0.46,14.07,-119.70,129.92,0,0,7017.0
45976,-0.34,-0.40,-0.46,1.05,-141.19,141.47,0,0,7025.0
45984,-0.37,-0.40,-0.48,-10.64,-168.28,150.29,0,0,7033.0
45992,-0.37,-0.41,-0.51,-21.77,-186.69,159.81,0,0,7041.0
46000,-0.37,-0.41,-0.54,-37.59,-204.19,169.68,0,0,7049.0
46008,-0.36,-0.36,-0.56,-49.42,-220.57,179.62,0,0,7057.0
46016,-0.35,-0.29,-0.56,-62.79,-235.97,191.59,0,0,7065.0
46024,-0.37,-0.26,-0.57,-77.21,-254.66,199.08,0,0,7073.0
46032,-0.38,-0.22,-0.59,-95.34,-267.89,204.54,0,0,7081.0
46040,-0.40,-0.20,-0.61,-104.93,-280.21,208.32,0,0,7089.0
46048,-0.42,-0.27,-0.67,-108.50,-292.53,211.19,0,0,7097.0
46056,-0.48,-0.44,-0.70,-106.61,-303.80,212.94,0,0,7105.0
46064,-0.53,-0.56,-0.71,-95.48,-316.68,213.99,0,0,7113.0
46072,-0.59,-0.53,-0.70,-65.45,-325.15,209.72,0,0,7121.0
46080,-0.61,-0.53,-0.69,-37.52,-331.87,208.18,0,0,7129.0
46088,-0.63,-0.55,-0.69,-7.63,-337.05,209.93,0,0,7137.0
46096,-0.70,-0.59,-0.69,22.89,-342.09,211.96,0,0,7145.0
46103,-0.77,-0.62,-0.66,51.38,-342.86,216.30,0,0,7152.0
46111,-0.82,-0.59,-0.62,87.08,-339.64,221.41,0,0,7160.0
46119,-0.81,-0.46,-0.46,109.48,-330.75,226.52,0,0,7168.0
46127,-0.79,-0.41,-0.22,116.83,-317.31,232.89,0,0,7176.0
46135,-0.83,-0.37,-0.13,104.72,-300.44,238.35,0,0,7184.0
46142,-0.94,-0.30,-0.08,80.15,-282.87,243.32,0,0,7191.0
46150,-1.09,-0.27,-0.12,53.69,-265.09,241.36,0,0,7199.0
46158,-1.32,-0.28,-0.20,32.34,-242.90,233.10,0,0,7207.0
46166,-1.40,-0.33,-0.31,16.45,-228.90,221.41,0,0,7215.0
46173,-1.35,-0.35,-0.43,7.84,-216.65,206.64,0,1,7222.0
46181,-1.18,-0.32,-0.46,11.90,-201.88,185.64,0,0,7230.0
46189,-1.03,-0.20,-0.44,16.45,-182.91,155.40,0,0,7238.0
46197,-0.91,-0.08,-0.36,12.53,-159.46,106.82,0,0,7246.0
46205,-0.81,-0.05,-0.24,-2.03,-130.90,69.51,0,0,7254.0
46213,-0.72,-0.10,-0.08,-20.58,-84.84,34.86,0,0,7262.0
46221,-0.73,-0.12,0.04,-31.85,-46.83,2.80,0,0,7270.0
46229,-0.69,-0.16,0.04,-29.68,-9.59,-29.47,0,1,7278.0
46237,-0.65,-0.23,-0.08,-24.50,25.76,-70.98,0,0,7286.0
46245,-0.60,-0.30,-0.25,-18.27,68.60,-100.87,0,0,7294.0
46253,-0.59,-0.41,-0.41,-8.61,95.76,-128.87,0,0,7302.0
46261,-0.61,-0.57,-0.52,7.63,117.11,-154.00,0,0,7310.0
46269,-1.03,-0.64,-0.50,39.97,125.79,-164.85,0,0,7318.0
46277,-1.66,-0.17,-0.51,91.49,119.84,-134.26,0,0,7326.0
46285,-1.83,0.69,0.03,171.71,77.84,-77.84,0,13,7334.0
46292,-2.48,1.12,0.35,200.90,70.35,-31.08,0,43,7341.0
46300,-2.23,0.91,0.32,195.16,80.08,-31.15,0,42,7349.0
46307,-1.55,0.08,0.32,182.42,97.30,-104.93,0,49,7356.0
46315,-1.44,0.39,-0.09,84.28,115.43,-145.46,0,51,7364.0
46323,-1.72,0.42,-0.37,31.57,116.62,-146.02,0,37,7372.0
46330,-1.56,0.34,-0.72,0.07,111.37,-150.29,0,44,7379.0
46338,-1.17,0.21,-1.02,3.22,114.24,-160.02,0,38,7387.0
46346,-0.96,-0.26,-1.05,39.06,123.06,-168.84,0,31,7395.0
46354,-0.84,-0.90,-0.94,60.48,124.95,-173.46,0,32,7403.0
46361,-0.89,-1.34,-0.88,48.79,117.39,-162.19,0,27,7410.0
46369,-0.88,-1.37,-0.84,3.29,106.40,-138.11,0,30,7418.0
46377,-0.87,-1.18,-0.68,-31.71,87.64,-114.10,0,34,7426.0
46385,-0.91,-1.05,-0.59,-42.70,79.03,-98.70,0,31,7434.0
46393,-1.02,-1.05,-0.49,-27.72,75.18,-87.29,0,36,7442.0
46401,-1.07,-1.18,-0.34,-3.99,70.63,-71.96,0,29,7450.0
46409,-1.18,-1.17,-0.31,16.94,63.28,-58.10,0,24,7458.0
46417,-1.16,-1.02,-0.35,53.48,58.38,-47.60,0,18,7466.0
46425,-1.17,-0.74,-0.30,49.63,53.06,-42.63,0,15,7474.0
46433,-1.16,-0.37,-0.28,52.71,46.27,-40.67,0,10,7482.0
46441,-1.12,-0.18,-0.28,39.62,41.23,-34.65,0,7,7490.0
46448,-1.11,0.09,-0.29,13.02,37.80,-32.27,0,5,7497.0
46456,-1.11,0.20,-0.25,-18.90,35.14,-28.42,0,3,7505.0
46464,-1.11,0.21,-0.16,-54.39,32.83,-25.83,2,2,7513.0
46472,-1.11,0.09,-0.06,-86.87,32.13,-25.06,4,0,7521.0
46480,-1.10,-0.14,-0.04,-87.29,30.03,-25.55,4,0,7529.0
46488,-1.06,-0.35,0.02,-75.74,28.42,-24.71,3,0,7537.0
46496,-1.03,-0.45,0.07,-60.27,27.58,-23.94,5,0,7545.0
46504,-1.02,-0.34,0.08,-49.00,26.88,-22.33,6,0,7553.0
46512,-1.02,-0.14,0.10,-50.89,26.53,-19.95,10,0,7561.0
46520,-1.02,0.04,0.06,-57.75,25.76,-18.06,10,0,7569.0
46528,-1.01,0.08,0.04,-62.79,25.48,-20.09,11,0,7577.0
46535,-1.00,-0.01,0.02,-63.70,25.76,-23.94,14,0,7584.0
46544,-1.00,-0.07,-0.00,-63.14,26.39,-24.22,20,0,7593.0
46552,-1.01,-0.10,0.00,-54.04,27.02,-24.92,19,0,7601.0
46560,-0.99,-0.14,0.03,-46.97,28.49,-24.64,24,0,7609.0
46568,-0.98,-0.11,0.05,-43.33,30.87,-24.71,25,0,7617.0
46575,-0.96,0.03,0.10,-45.08,33.04,-25.97,30,0,7624.0
46583,-0.94,0.05,0.16,-49.00,35.42,-27.16,31,0,7632.0
46591,-0.96,0.02,0.15,-50.47,39.13,-29.12,37,0,7640.0
46599,-0.96,0.04,0.17,-52.01,41.93,-32.34,49,0,7648.0
46606,-0.95,0.06,0.22,-51.38,45.36,-35.91,39,0,7655.0
46614,-0.97,0.00,0.24,-46.97,50.26,-36.82,38,0,7663.0
46622,-0.99,-0.02,0.32,-43.05,56.56,-36.47,33,0,7671.0
46630,-1.00,0.12,0.39,-42.84,63.00,-38.29,35,0,7679.0
46637,-1.00,0.31,0.48,-43.61,70.21,-44.31,35,0,7686.0
46645,-1.00,0.39,0.54,-45.78,77.98,-50.61,36,0,7694.0
46653,-0.98,0.42,0.58,-44.73,87.85,-56.00,34,0,7702.0
46661,-0.99,0.40,0.58,-42.77,95.69,-62.30,39,0,7710.0
46668,-1.04,0.35,0.53,-34.51,103.18,-68.32,44,0,7717.0
46676,-1.08,0.29,0.46,-23.38,110.39,-74.13,45,0,7725.0
46684,-1.15,0.36,0.39,-17.85,117.46,-79.38,41,0,7733.0
46692,-1.20,0.43,0.30,-13.16,124.11,-84.28,46,0,7741.0
46699,-1.21,0.49,0.27,-11.83,131.53,-106.54,49,0,7748.0
46707,-1.17,0.49,0.27,-6.93,139.72,-93.10,48,0,7756.0
46715,-1.18,0.51,0.29,-2.94,147.42,-96.81,53,1,7764.0
46723,-1.27,0.56,0.36,0.63,157.92,-99.54,53,0,7772.0
46730,-1.28,0.67,0.39,-2.17,164.78,-104.30,62,0,7779.0
46738,-1.29,0.76,0.44,-10.78,170.24,-110.88,55,0,7787.0
46746,-1.28,0.84,0.49,-21.77,174.51,-117.95,49,0,7795.0
46754,-1.29,0.90,0.60,-34.09,177.59,-125.93,41,0,7803.0
46762,-1.34,0.89,0.65,-43.05,179.34,-135.66,41,0,7811.0
46770,-1.43,0.76,0.74,-43.96,180.18,-141.19,44,0,7819.0
46778,-1.55,0.66,0.74,-43.40,178.57,-145.81,41,1,7827.0
46785,-1.61,0.59,0.86,-26.04,174.58,-148.26,39,0,7834.0
46793,-1.73,0.49,0.55,-4.20,173.46,-158.13,23,0,7842.0
46801,-1.74,0.25,0.53,16.38,179.97,-173.67,8,0,7850.0
46808,-1.78,-0.15,0.49,33.60,193.06,-185.29,4,0,7857.0
46816,-1.89,-0.44,0.63,28.63,205.03,-185.15,4,0,7865.0
46824,-2.13,-0.68,0.12,7.70,203.56,-166.39,7,0,7873.0
46832,-2.32,-0.48,0.03,-1.61,196.42,-145.04,2,0,7881.0
46840,-2.03,-0.64,-0.07,-5.60,177.45,-119.28,0,0,7889.0
46847,-1.67,-1.09,-0.40,3.29,162.12,-93.80,0,0,7896.0
46855,-1.34,-1.41,-0.73,11.97,146.72,-75.74,0,0,7904.0
46863,-1.12,-1.22,-0.93,11.27,128.24,-64.47,0,0,7912.0
46871,-1.32,-0.72,-0.77,27.93,103.67,-47.32,0,0,7920.0
46879,-1.49,-0.45,-0.68,40.39,73.64,-22.75,0,0,7928.0
46887,-1.43,-0.60,-0.63,41.23,29.68,-4.62,0,0,7936.0
46895,-1.16,-0.75,-0.60,27.93,-0.91,14.77,0,0,7944.0
46903,-0.87,-0.75,-0.54,18.13,-30.45,34.72,0,0,7952.0
46911,-0.64,-0.64,-0.50,6.16,-57.12,60.76,0,0,7960.0
46919,-0.45,-0.61,-0.53,-9.10,-99.96,80.01,0,0,7968.0
46927,-0.35,-0.56,-0.53,-20.79,-115.99,98.42,0,0,7976.0
46935,-0.34,-0.50,-0.54,-32.97,-141.05,114.59,0,0,7984.0
46943,-0.33,-0.45,-0.53,-39.13,-162.75,128.17,0,0,7992.0
46951,-0.34,-0.42,-0.53,-45.08,-181.51,141.75,0,0,8000.0
46959,-0.37,-0.45,-0.53,-49.77,-204.40,150.78,0,0,8008.0
46967,-0.42,-0.48,-0.54,-45.43,-220.57,157.64,0,0,8016.0
46975,-0.45,-0.53,-0.56,-35.70,-235.41,163.87,0,0,8024.0
46983,-0.45,-0.54,-0.57,-25.69,-248.78,170.87,0,0,8032.0
46991,-0.43,-0.51,-0.57,-18.97,-260.19,181.02,0,0,8040.0
46999,-0.43,-0.48,-0.57,-18.27,-272.79,187.53,0,0,8048.0
47007,-0.44,-0.42,-0.55,-24.85,-280.98,193.34,0,0,8056.0
47015,-0.46,-0.37,-0.55,-30.38,-288.75,198.38,0,0,8064.0
47023,-0.50,-0.32,-0.54,-33.04,-295.75,201.60,0,0,8072.0
47031,-0.53,-0.29,-0.55,-31.57,-301.70,201.46,0,0,8080.0
47039,-0.55,-0.33,-0.58,-28.70,-309.12,200.62,0,0,8088.0
47047,-0.56,-0.41,-0.62,-22.96,-314.86,201.88,0,0,8096.0
47055,-0.59,-0.48,-0.63,-15.47,-320.25,204.47,0,0,8104.0
47063,-0.63,-0.51,-0.60,-7.77,-324.66,210.70,0,0,8112.0
47071,-0.69,-0.52,-0.62,2.94,-328.30,214.69,0,0,8120.0
47078,-0.78,-0.54,-0.60,23.73,-330.68,219.66,0,0,8127.0
47086,-0.84,-0.60,-0.58,68.60,-330.33,224.00,0,0,8135.0
47094,-0.87,-0.66,-0.58,90.51,-326.34,228.34,0,0,8143.0
47102,-0.81,-0.58,-0.23,117.04,-313.60,232.12,0,0,8151.0
47110,-0.74,-0.49,-0.09,120.33,-296.03,238.49,0,0,8159.0
47118,-0.85,-0.31,-0.09,93.17,-278.18,243.67,0,0,8167.0
47126,-1.15,-0.16,-0.15,53.90,-254.73,243.95,0,0,8175.0
47133,-1.38,-0.10,-0.25,23.87,-240.24,231.91,0,0,8182.0
47141,-1.46,-0.22,-0.39,13.93,-226.94,211.82,0,0,8190.0
47149,-1.32,-0.37,-0.42,24.15,-208.88,191.17,0,0,8198.0
47157,-1.14,-0.38,-0.42,38.01,-189.00,165.83,0,0,8206.0
47165,-0.94,-0.26,-0.37,41.09,-164.85,120.40,0,0,8214.0
47173,-0.79,-0.16,-0.33,31.29,-126.07,78.40,0,0,8222.0
47181,-0.68,-0.10,-0.23,1.26,-90.79,36.89,0,0,8230.0
47189,-0.63,-0.05,0.12,-17.08,-49.98,-1.54,0,0,8238.0
47197,-0.57,-0.02,0.13,-29.19,-7.98,-38.85,0,0,8246.0
47205,-0.51,-0.18,-0.02,-41.30,31.22,-84.56,0,0,8254.0
47213,-0.51,-0.33,-0.26,-47.39,76.93,-117.46,0,0,8262.0
47220,-0.62,-0.47,-0.45,-45.22,101.29,-146.30,0,0,8269.0
47229,-1.28,-0.47,-0.54,-9.73,119.07,-158.48,0,0,8278.0
47237,-1.34,-0.36,-0.42,63.77,119.42,-146.09,0,4,8286.0
47244,-1.96,0.85,0.21,188.51,97.86,-79.52,0,27,8293.0
47252,-2.70,0.99,0.23,227.01,78.68,-25.20,0,48,8301.0
47260,-2.83,0.37,0.40,254.59,85.26,-57.19,0,52,8309.0
47268,-1.60,-0.32,-0.06,241.64,111.23,-135.17,0,47,8317.0
47275,-1.43,0.53,-0.26,138.46,117.32,-149.45,0,38,8324.0
47283,-1.27,0.59,-0.49,76.93,115.78,-157.22,0,36,8332.0
47291,-1.21,0.31,-0.80,37.80,116.76,-171.01,0,32,8340.0
47299,-1.11,-0.16,-1.16,46.76,128.10,-186.20,0,32,8348.0
47306,-1.01,-0.94,-1.24,101.57,141.68,-194.67,0,27,8355.0
47314,-0.96,-1.62,-1.12,133.84,137.76,-184.80,0,24,8363.0
47322,-0.93,-1.39,-1.09,96.11,120.54,-162.12,0,21,8371.0
47330,-0.93,-0.96,-0.74,7.91,90.58,-127.12,0,18,8379.0
47337,-0.86,-0.69,-0.64,-66.50,78.26,-95.69,0,18,8386.0
47345,-0.87,-0.71,-0.63,-70.84,70.42,-82.74,0,17,8394.0
47353,-0.97,-1.08,-0.48,-51.94,68.95,-81.34,0,13,8402.0
47361,-1.17,-1.27,-0.43,-6.93,64.68,-79.80,3,12,8410.0
47369,-1.28,-1.29,-0.44,35.35,59.01,-61.11,4,8,8418.0
47377,-1.22,-1.08,-0.35,69.51,52.85,-50.33,5,40,8426.0
47385,-1.15,-0.70,-0.29,88.62,46.55,-44.87,5,0,8434.0
47393,-1.12,-0.36,-0.22,60.90,40.67,-38.01,5,0,8442.0
47401,-1.08,0.03,-0.18,12.81,34.93,-33.11,9,1,8450.0
47408,-1.04,0.23,-0.17,-32.90,29.68,-30.03,10,0,8457.0
47416,-1.03,0.09,-0.13,-69.51,26.60,-27.37,13,0,8465.0
47424,-1.09,-0.17,-0.15,-84.70,25.06,-25.69,17,0,8473.0
47432,-1.14,-0.37,-0.12,-75.46,23.87,-24.22,15,0,8481.0
47440,-1.14,-0.43,-0.05,-63.70,22.68,-22.40,15,0,8489.0
47448,-1.11,-0.33,-0.02,-54.74,21.56,-18.83,16,0,8497.0
47456,-1.09,-0.14,-0.01,-45.50,19.67,-17.15,19,0,8505.0
47464,-1.09,-0.10,-0.02,-41.58,17.64,-17.01,21,0,8513.0
47472,-1.05,-0.05,-0.04,-43.89,17.22,-18.06,23,0,8521.0
47480,-1.00,-0.02,-0.03,-45.29,17.92,-16.80,25,0,8529.0
47488,-0.99,0.02,-0.03,-45.22,18.27,-35.42,28,0,8537.0
47496,-1.00,0.06,0.02,-45.78,18.97,-20.44,29,0,8545.0
47504,-0.97,0.09,0.09,-46.76,20.93,-22.75,27,1,8553.0
47512,-0.94,0.10,0.17,-45.99,23.24,-25.06,28,0,8561.0
47519,-0.92,0.12,0.24,-44.52,26.95,-28.77,32,0,8568.0
47527,-0.87,0.15,0.31,-44.59,31.01,-33.18,34,0,8576.0
47535,-0.83,0.15,0.33,-43.68,35.56,-36.12,35,0,8584.0
47542,-0.81,0.13,0.31,-42.84,40.67,-39.13,35,0,8591.0
47550,-0.82,0.13,0.27,-43.96,45.71,-42.21,37,1,8599.0
47558,-0.88,0.12,0.22,-44.24,50.75,-44.17,36,0,8607.0
47565,-0.97,0.10,0.17,-44.38,55.65,-46.34,36,0,8614.0
47573,-1.05,0.09,0.15,-42.70,60.20,-48.16,36,0,8622.0
47581,-1.09,0.10,0.17,-41.93,66.15,-49.70,37,0,8630.0
47589,-1.10,0.14,0.21,-44.17,71.19,-51.31,39,0,8638.0
47597,-1.11,0.21,0.27,-47.04,76.37,-53.76,41,0,8646.0
47604,-1.08,0.25,0.34,-48.23,82.11,-57.26,45,1,8653.0
47612,-1.04,0.25,0.42,-46.20,88.20,-61.67,43,0,8661.0
47620,-1.01,0.29,0.44,-41.93,94.71,-68.25,42,0,8669.0
47628,-1.02,0.35,0.44,-36.96,101.29,-73.29,46,0,8677.0
47635,-1.06,0.39,0.44,-30.80,108.22,-78.54,46,0,8684.0
47643,-1.12,0.44,0.40,-26.39,117.74,-83.23,46,0,8692.0
47651,-1.10,0.50,0.40,-22.19,126.21,-88.62,48,0,8700.0
47659,-1.12,0.49,0.40,-18.06,134.75,-92.61,50,0,8708.0
47666,-1.21,0.50,0.37,-15.61,142.80,-95.83,51,0,8715.0
47674,-1.27,0.53,0.25,-16.31,149.73,-100.10,51,0,8723.0
47682,-1.31,0.58,0.39,-19.46,155.96,-105.14,54,0,8731.0
47690,-1.32,0.67,0.45,-27.44,161.56,-111.30,55,0,8739.0
47698,-1.30,0.76,0.50,-38.36,166.46,-116.90,53,0,8747.0
47705,-1.32,0.83,0.59,-50.75,172.34,-123.34,53,0,8754.0
47713,-1.36,0.82,0.66,-59.78,175.91,-128.73,53,0,8762.0
47721,-1.44,0.84,0.74,-64.89,178.36,-134.26,44,0,8770.0
47729,-1.47,0.85,0.82,-65.45,178.15,-139.02,40,0,8778.0
47736,-1.57,0.84,0.67,-61.46,176.19,-140.42,40,0,8785.0
47744,-1.64,0.68,0.51,-43.47,172.41,-145.81,41,0,8793.0
47752,-1.72,0.52,0.51,-15.68,173.88,-162.61,17,0,8801.0
47760,-1.87,0.09,0.49,10.36,189.14,-178.99,5,0,8809.0
47768,-1.86,-0.29,0.54,32.90,202.23,-182.84,4,0,8817.0
47776,-2.04,-0.78,0.34,24.43,202.16,-169.68,7,0,8825.0
47783,-2.26,-0.55,0.18,21.49,195.23,-152.81,7,0,8832.0
47791,-2.23,-0.48,0.04,22.75,183.47,-126.77,1,0,8840.0
47799,-1.95,-0.95,-0.22,32.48,167.79,-87.43,2,0,8848.0
47807,-1.60,-1.35,-0.55,46.20,151.06,-68.67,0,0,8856.0
47815,-1.17,-1.43,-0.96,43.96,131.04,-58.66,0,0,8864.0
47823,-1.25,-0.99,-0.88,54.88,106.68,-43.68,0,0,8872.0
47831,-1.53,-0.57,-0.75,79.10,79.03,-23.31,1,0,8880.0
47839,-1.58,-0.50,-0.68,92.26,45.50,5.32,0,0,8888.0
47847,-1.41,-0.61,-0.64,87.50,10.99,21.42,0,0,8896.0
47855,-1.04,-0.73,-0.57,74.83,-31.71,36.05,0,0,8904.0
47862,-0.75,-0.73,-0.49,57.33,-55.58,52.78,0,0,8911.0
47870,-0.49,-0.65,-0.49,23.24,-78.33,74.62,0,0,8919.0
47878,-0.33,-0.57,-0.47,-4.41,-101.08,97.65,0,0,8927.0
47886,-0.28,-0.52,-0.43,-29.96,-124.53,117.60,0,0,8935.0
47894,-0.29,-0.44,-0.44,-48.02,-147.35,140.35,0,0,8943.0
47902,-0.36,-0.51,-0.47,-62.23,-174.93,155.33,0,0,8951.0
47910,-0.38,-0.56,-0.52,-74.20,-193.13,167.09,0,0,8959.0
47918,-0.39,-0.54,-0.54,-79.24,-210.49,175.63,0,0,8967.0
47926,-0.38,-0.48,-0.55,-80.92,-227.92,184.10,0,0,8975.0
47934,-0.39,-0.43,-0.55,-80.43,-250.32,189.77,0,0,8983.0
47942,-0.39,-0.42,-0.55,-80.01,-265.79,194.32,0,0,8991.0
47950,-0.38,-0.38,-0.58,-83.72,-279.79,198.94,0,0,8999.0
47958,-0.37,-0.34,-0.58,-85.96,-293.86,203.42,0,0,9007.0
47966,-0.37,-0.44,-0.63,-93.10,-305.48,211.26,0,0,9015.0
47974,-0.45,-0.49,-0.67,-94.22,-319.06,215.67,0,0,9023.0
47982,-0.57,-0.44,-0.69,-77.35,-328.51,212.38,0,0,9031.0
47990,-0.58,-0.42,-0.68,-61.81,-335.44,212.31,0,0,9039.0
47998,-0.62,-0.48,-0.68,-48.02,-341.46,218.89,0,0,9047.0
48007,-0.70,-0.59,-0.68,-8.68,-347.62,220.36,0,0,9056.0
48015,-0.72,-0.65,-0.65,23.52,-348.32,222.04,1,0,9064.0
48022,-0.74,-0.66,-0.59,55.58,-345.59,227.57,0,0,9071.0
48030,-0.76,-0.53,-0.35,82.39,-337.05,249.34,0,0,9079.0
48038,-0.73,-0.40,-0.19,89.53,-324.17,240.80,0,0,9087.0
48046,-0.76,-0.32,-0.10,75.32,-304.78,250.60,0,0,9095.0
48054,-0.90,-0.24,-0.13,48.23,-291.55,257.46,0,0,9103.0
48062,-1.09,-0.17,-0.15,12.18,-278.39,255.78,0,0,9111.0
48070,-1.24,-0.15,-0.21,-7.00,-265.51,247.87,0,0,9119.0
48078,-1.33,-0.12,-0.30,-20.09,-255.01,217.70,0,0,9127.0
48086,-1.34,-0.13,-0.37,-28.98,-245.70,214.55,0,0,9135.0
48094,-1.23,-0.15,-0.39,-32.55,-230.23,191.87,0,0,9143.0
48102,-1.14,-0.10,-0.33,-36.33,-212.24,164.08,0,0,9151.0
48110,-1.04,-0.13,-0.25,-41.51,-188.30,133.21,0,1,9159.0
48118,-0.92,-0.21,-0.19,-51.52,-159.25,93.31,0,0,9167.0
48125,-0.78,-0.19,-0.03,-56.77,-124.67,63.91,0,0,9174.0
48133,-0.67,-0.04,0.16,-52.92,-70.21,29.61,0,0,9182.0
48141,-0.64,0.13,0.21,-55.72,-28.77,-7.35,0,0,9190.0
48149,-0.63,0.15,0.12,-72.73,10.22,-43.89,0,0,9198.0
48157,-0.63,-0.02,-0.12,-75.25,46.20,-78.12,0,0,9206.0
48165,-0.61,-0.42,-0.31,-59.22,79.73,-118.30,0,0,9214.0
48173,-0.74,-0.67,-0.46,-30.24,109.55,-143.85,0,1,9222.0
48181,-0.79,-0.80,-0.72,-0.28,137.06,-165.83,0,0,9230.0
48189,-1.02,-0.96,-0.66,53.34,142.24,-175.70,0,0,9238.0
48197,-1.67,-0.67,-0.54,127.40,134.89,-159.88,0,0,9246.0
48205,-1.64,0.25,0.08,207.97,107.52,-91.00,1,14,9254.0
48212,-2.16,1.02,0.28,262.36,79.45,-33.74,0,44,9261.0
48220,-2.54,1.28,0.22,273.07,71.75,-10.64,0,39,9269.0
48228,-1.88,0.32,0.20,273.84,91.98,-71.96,0,47,9277.0
48235,-1.35,0.17,-0.19,227.85,109.48,-127.96,0,54,9284.0
48243,-1.57,0.64,-0.45,137.90,119.28,-129.64,0,45,9292.0
48251,-1.57,0.43,-0.60,123.62,113.05,-134.82,0,39,9300.0
48259,-1.11,0.13,-0.72,137.83,112.56,-151.13,0,33,9308.0
48267,-0.85,-0.31,-0.68,166.74,116.83,-181.86,0,34,9316.0
48274,-1.01,-1.23,-0.75,135.52,123.97,-191.80,0,25,9323.0
48282,-1.38,-1.27,-0.98,90.58,122.29,-177.24,0,26,9331.0
48290,-1.13,-0.74,-0.92,20.72,112.49,-138.81,0,22,9339.0
48298,-0.83,-0.31,-0.62,-86.03,97.16,-110.11,0,21,9347.0
48306,-0.76,-0.36,-0.54,-108.92,86.52,-99.19,0,24,9355.0
48314,-0.76,-0.92,-0.60,-95.41,81.48,-98.70,1,13,9363.0
48322,-0.95,-1.12,-0.48,-58.80,76.16,-93.10,3,10,9371.0
48330,-1.11,-1.30,-0.35,15.68,70.28,-80.50,4,5,9379.0
48338,-1.23,-1.34,-0.36,49.77,68.74,-70.07,6,0,9387.0
48346,-1.21,-0.94,-0.34,78.19,65.87,-63.00,10,0,9395.0
48354,-1.15,-0.42,-0.26,84.21,59.43,-57.96,11,0,9403.0
48362,-1.02,-0.24,-0.18,56.77,52.01,-50.40,12,0,9411.0
48370,-1.01,-0.09,-0.15,12.81,46.97,-42.91,14,0,9419.0
48378,-1.02,-0.12,-0.17,-31.29,43.26,-38.85,17,0,9427.0
48386,-1.06,-0.28,-0.23,-42.21,40.11,-33.88,19,0,9435.0
48394,-1.07,-0.46,-0.21,-39.55,38.08,-29.47,22,0,9443.0
48402,-1.07,-0.49,-0.19,-28.56,36.19,-25.41,23,0,9451.0
48410,-1.10,-0.40,-0.15,-18.34,35.07,-23.03,25,0,9459.0
48418,-1.09,-0.25,-0.13,-14.91,33.88,-21.70,27,0,9467.0
48426,-1.06,-0.11,-0.13,-19.25,33.18,-18.48,31,0,9475.0
48434,-1.04,-0.04,-0.13,-24.85,31.22,-17.92,30,0,9483.0
48442,-1.03,-0.05,-0.13,-30.94,29.40,-17.50,29,0,9491.0
48450,-1.02,-0.11,-0.14,-35.07,27.79,-17.01,33,0,9499.0
48458,-1.04,-0.14,-0.16,-35.28,26.11,-17.01,33,0,9507.0
48466,-1.05,-0.12,-0.13,-35.98,24.85,-16.80,34,1,9515.0
48474,-1.07,-0.07,-0.10,-37.31,23.73,-17.22,34,0,9523.0
48482,-1.06,-0.01,-0.06,-44.80,23.73,-17.50,38,0,9531.0
48490,-1.06,0.08,0.03,-50.47,24.22,-19.04,39,0,9539.0
48498,-1.03,0.12,0.10,-57.75,25.69,-19.67,39,0,9547.0
48506,-1.03,0.17,0.19,-61.60,28.00,-25.69,31,0,9555.0
48513,-0.98,0.17,0.29,-64.26,30.87,-28.49,45,0,9562.0
48521,-0.95,0.06,0.32,-59.78,52.85,-32.13,35,0,9570.0
48529,-0.90,-0.03,0.35,-49.70,43.75,-33.53,41,1,9578.0
48537,-0.88,0.09,0.39,-44.66,51.10,-36.75,46,0,9586.0
48545,-0.93,0.27,0.40,-41.37,57.61,-41.72,43,0,9594.0
48552,-0.90,0.27,0.42,-39.13,64.47,-43.54,46,0,9601.0
48560,-0.90,0.30,0.45,-40.60,72.17,-47.81,43,0,9609.0
48568,-0.94,0.44,0.49,-42.14,79.45,-55.02,53,0,9617.0
48576,-0.96,0.51,0.51,-45.85,87.01,-61.74,48,0,9625.0
48583,-1.04,0.50,0.53,-47.39,96.81,-69.09,50,0,9632.0
48591,-1.06,0.46,0.52,-47.81,104.23,-76.02,51,0,9640.0
48599,-1.10,0.44,0.48,-47.18,111.86,-82.60,46,0,9648.0
48606,-1.16,0.42,0.41,-40.18,119.63,-88.76,43,0,9655.0
48614,-1.18,0.41,0.33,-33.74,126.91,-93.38,41,0,9663.0
48622,-1.17,0.46,0.28,-27.02,134.82,-97.65,40,0,9671.0
48630,-1.16,0.49,0.30,-18.34,143.08,-101.57,42,0,9679.0
48637,-1.19,0.50,0.35,-10.64,151.97,-105.56,45,0,9686.0
48645,-1.26,0.58,0.41,-6.16,160.37,-109.76,45,0,9694.0
48653,-1.34,0.66,0.49,-5.39,167.79,-115.01,45,0,9702.0
48660,-1.44,0.75,0.57,-10.71,176.19,-121.80,40,0,9709.0
48668,-1.49,0.86,0.65,-21.21,180.18,-129.78,41,0,9717.0
48676,-1.55,0.95,0.81,-37.03,182.00,-139.09,39,0,9725.0
48684,-1.65,0.92,0.94,-44.59,182.98,-147.21,37,0,9733.0
48692,-1.73,0.86,1.08,-51.10,181.09,-154.98,35,0,9741.0
48699,-1.81,0.78,1.04,-54.04,178.78,-156.94,35,0,9748.0
48707,-1.90,0.64,0.91,-43.12,172.62,-168.70,27,0,9756.0
48715,-1.97,0.59,0.69,-29.89,171.64,-181.23,18,0,9764.0
48723,-1.76,0.19,0.64,-21.14,194.46,-193.06,8,0,9772.0
48731,-1.73,-0.30,0.97,-33.53,210.00,-189.77,5,1,9780.0
48738,-2.12,-0.84,0.11,-56.07,211.19,-167.44,7,0,9787.0
48746,-2.39,-0.56,-0.01,-60.69,204.33,-141.96,22,0,9795.0
48754,-2.27,-0.86,-0.18,-54.25,190.40,-102.69,13,0,9803.0
48762,-1.83,-1.36,-0.46,-39.34,165.90,-81.83,4,0,9811.0
48770,-1.33,-1.59,-0.84,-11.90,147.07,-70.98,2,0,9819.0
48778,-1.13,-1.37,-0.94,37.73,123.62,-60.69,0,0,9827.0
48786,-1.34,-0.83,-0.84,98.77,94.29,-40.88,0,0,9835.0
48794,-1.51,-0.52,-0.74,149.24,60.20,-16.31,0,0,9843.0
48802,-1.42,-0.72,-0.66,175.28,22.54,-3.43,0,0,9851.0
48810,-1.00,-0.83,-0.57,169.19,-24.78,11.62,0,0,9859.0
48818,-0.77,-0.72,-0.54,142.59,-55.51,32.76,1,0,9867.0
48826,-0.51,-0.50,-0.49,92.40,-81.06,59.36,0,0,9875.0
48833,-0.38,-0.34,-0.47,54.95,-103.53,84.98,0,0,9882.0
48841,-0.39,-0.23,-0.50,22.33,-129.36,105.21,0,0,9890.0
48849,-0.38,-0.24,-0.51,-2.24,-153.93,128.03,0,0,9898.0
48857,-0.37,-0.27,-0.56,-19.39,-185.85,143.01,0,0,9906.0
48865,-0.39,-0.34,-0.58,-42.98,-206.99,157.22,0,0,9914.0
48873,-0.40,-0.32,-0.57,-59.22,-226.66,168.49,0,0,9922.0
48881,-0.40,-0.31,-0.58,-74.06,-244.79,196.42,0,0,9930.0
48889,-0.39,-0.34,-0.59,-86.45,-261.24,190.82,0,0,9938.0
48897,-0.44,-0.36,-0.62,-95.41,-281.61,195.02,0,0,9946.0
48905,-0.46,-0.39,-0.66,-100.24,-294.63,198.31,0,1,9954.0
48913,-0.45,-0.36,-0.69,-101.57,-307.09,202.23,0,0,9962.0
48921,-0.45,-0.42,-0.69,-96.88,-319.76,209.02,0,0,9970.0
48929,-0.41,-0.48,-0.71,-88.20,-333.48,212.52,0,0,9978.0
48937,-0.48,-0.60,-0.74,-57.61,-342.79,215.04,0,0,9986.0
48945,-0.53,-0.56,-0.71,-49.63,-349.37,214.97,0,0,9994.0
48953,-0.53,-0.58,-0.69,-31.92,-354.06,222.95,0,0,10002.0
48961,-0.60,-0.53,-0.65,-12.46,-358.61,231.00,0,0,10010.0
48969,-0.65,-0.49,-0.61,0.42,-361.06,237.23,0,0,10018.0
48977,-0.74,-0.45,-0.59,6.58,-361.20,243.25,0,0,10026.0
48985,-0.85,-0.41,-0.51,16.80,-358.19,247.94,0,0,10034.0
48993,-0.91,-0.40,-0.36,21.49,-351.05,253.12,0,0,10042.0
49000,-0.94,-0.38,-0.21,24.92,-339.43,258.44,0,0,10049.0
49008,-1.00,-0.39,-0.13,19.46,-323.96,263.34,0,0,10057.0
49016,-1.12,-0.34,-0.13,9.45,-288.82,262.78,0,0,10065.0
49024,-1.29,-0.29,-0.21,-2.94,-283.57,257.39,0,0,10073.0
49032,-1.44,-0.24,-0.31,-6.09,-268.24,242.83,0,0,10081.0
49040,-1.50,-0.27,-0.43,6.86,-252.91,220.64,0,0,10089.0
49048,-1.35,-0.31,-0.49,27.23,-233.24,193.62,0,0,10097.0
49056,-1.13,-0.27,-0.44,45.50,-209.23,152.32,0,1,10105.0
49063,-0.89,-0.23,-0.35,53.90,-171.43,118.72,0,0,10112.0
49071,-0.77,-0.17,-0.26,46.90,-137.69,84.49,0,0,10120.0
49079,-0.66,-0.06,-0.07,24.92,-97.51,49.84,0,0,10128.0
49087,-0.55,0.02,0.17,12.81,-52.01,9.59,0,0,10136.0
49095,-0.47,-0.03,0.20,1.75,-7.00,-47.11,0,0,10144.0
49103,-0.48,-0.19,0.06,-5.81,47.67,-86.03,0,0,10152.0
49111,-0.51,-0.41,-0.17,-3.08,83.93,-120.61,0,0,10160.0
49120,-0.52,-0.63,-0.51,13.72,115.01,-152.46,0,0,10169.0
49128,-0.77,-0.78,-0.54,35.84,131.60,-181.86,0,0,10177.0
49136,-1.65,-0.62,-0.81,98.00,137.27,-172.76,0,0,10185.0
49144,-1.79,0.15,-0.19,203.91,114.73,-127.33,0,15,10193.0
49153,-2.52,1.09,0.31,262.57,90.93,-47.32,0,50,10202.0
49160,-2.97,0.85,0.28,270.83,89.60,-38.99,0,45,10209.0
49168,-1.88,-0.35,0.08,273.07,111.65,-122.08,0,52,10217.0
49176,-1.44,0.12,-0.30,151.83,124.46,-152.67,0,45,10225.0
49184,-1.49,0.38,-0.63,91.70,120.61,-154.98,0,44,10233.0
49191,-1.29,0.25,-1.13,45.08,113.47,-163.31,0,74,10240.0
49200,-0.91,0.21,-1.31,48.86,121.80,-174.65,0,60,10249.0
49207,-0.81,-0.57,-1.20,95.90,136.50,-184.94,0,60,10256.0
49215,-1.00,-1.30,-0.95,123.90,133.63,-192.92,0,34,10264.0
49223,-1.09,-1.67,-1.04,82.32,119.91,-176.89,0,32,10272.0
49231,-1.07,-1.41,-1.01,0.84,101.50,-143.50,0,33,10280.0
49239,-0.89,-0.85,-0.69,-64.33,85.05,-114.24,0,28,10288.0
49246,-0.89,-0.69,-0.59,-90.79,76.72,-98.63,0,33,10295.0
49254,-0.96,-0.87,-0.52,-76.02,73.36,-84.84,0,29,10303.0
49262,-1.08,-1.18,-0.46,-49.77,69.86,-77.49,0,29,10311.0
49270,-1.17,-1.32,-0.48,-18.41,63.49,-65.52,0,27,10319.0
49278,-1.22,-1.18,-0.45,25.69,58.03,-54.11,0,17,10327.0
49286,-1.20,-0.86,-0.30,53.90,52.29,-49.98,0,7,10335.0
49294,-1.18,-0.55,-0.25,60.97,46.76,-46.90,2,4,10343.0
49302,-1.14,-0.19,-0.24,38.57,42.56,-35.07,2,0,10351.0
49310,-1.08,0.02,-0.16,2.31,36.68,-28.70,3,0,10359.0
49317,-1.09,0.08,-0.08,-33.81,33.74,-27.02,2,0,10366.0
49325,-1.08,-0.03,-0.06,-62.23,31.99,-26.32,9,0,10374.0
49333,-1.09,-0.24,-0.05,-72.03,31.15,-24.08,4,0,10382.0
49341,-1.07,-0.37,-0.01,-68.46,31.08,-20.72,9,0,10390.0
49349,-1.07,-0.26,0.06,-67.48,31.85,-17.57,12,0,10398.0
49357,-1.06,-0.10,0.08,-65.03,31.64,-16.52,10,0,10406.0
49365,-1.07,0.02,0.08,-67.83,31.71,-15.82,13,0,10414.0
49373,-1.06,0.04,0.06,-70.42,31.78,-17.57,15,0,10422.0
49381,-1.02,0.01,0.09,-71.33,32.76,-19.60,15,0,10430.0
49388,-0.99,-0.02,0.07,-70.42,34.16,-20.37,16,0,10437.0
49396,-0.97,0.10,0.06,-70.28,35.42,-22.61,21,0,10445.0
49404,-0.84,0.01,0.06,-71.05,38.22,-25.06,23,0,10453.0
49411,-0.98,-0.06,0.08,-64.96,38.64,-24.92,25,0,10460.0
49419,-0.95,0.08,0.11,-72.17,40.67,-27.37,27,0,10468.0
49427,-0.89,-0.04,0.14,-67.48,43.68,-26.95,25,0,10476.0
49435,-1.04,-0.00,0.15,-65.66,45.15,-33.39,25,0,10484.0
49443,-0.99,0.13,0.14,-68.11,47.46,-35.00,28,0,10492.0
49451,-1.03,0.09,0.17,-65.24,48.86,-42.63,27,0,10500.0
49459,-1.00,-0.08,0.18,-60.48,52.99,-38.78,25,0,10508.0
49466,-0.95,-0.04,0.21,-60.13,60.20,-36.61,26,0,10515.0
49475,-1.00,0.08,0.23,-52.71,65.45,-38.08,26,0,10524.0
49483,-0.99,0.12,0.27,-44.52,69.44,-42.98,30,0,10532.0
49490,-0.98,0.16,0.34,-38.64,75.04,-46.20,31,0,10539.0
49498,-0.95,0.24,0.39,-31.50,81.83,-49.70,36,0,10547.0
49506,-0.97,0.28,0.43,-24.36,106.82,-54.60,39,0,10555.0
49514,-0.98,0.41,0.52,-18.97,99.96,-60.20,37,0,10563.0
49522,-1.01,0.58,0.61,-18.62,108.71,-68.60,35,0,10571.0
49530,-1.01,0.62,0.67,-18.62,116.76,-76.16,37,0,10579.0
49537,-1.05,0.54,0.65,-13.37,124.81,-84.63,43,0,10586.0
49545,-1.08,0.54,0.56,-9.59,134.68,-92.33,41,0,10594.0
49553,-1.07,0.67,0.45,-7.28,144.55,-101.85,43,0,10602.0
49561,-1.11,0.61,0.35,-3.57,153.16,-107.66,47,0,10610.0
49569,-1.24,0.56,0.26,-0.35,164.92,-110.46,46,0,10618.0
49576,-1.31,0.60,0.22,0.98,171.01,-113.82,45,0,10625.0
49584,-1.39,0.67,0.26,-0.49,175.14,-118.16,50,0,10633.0
49592,-1.41,0.75,0.48,-8.47,179.27,-122.08,45,0,10641.0
49600,-1.41,0.88,0.56,-20.02,181.72,-127.89,51,0,10649.0
49608,-1.44,0.88,0.68,-25.83,182.98,-134.54,51,0,10657.0
49616,-1.62,0.66,0.80,-27.58,181.86,-138.74,40,0,10665.0
49623,-1.68,0.66,0.78,-22.47,177.59,-139.30,42,0,10672.0
49631,-1.83,0.77,0.76,-11.48,170.80,-149.38,38,0,10680.0
49639,-1.96,0.85,0.82,2.38,171.85,-164.78,25,0,10688.0
49646,-1.97,0.56,0.83,8.96,180.74,-183.05,7,0,10695.0
49654,-2.07,-0.01,0.78,12.95,196.63,-194.18,4,0,10703.0
49662,-2.21,-0.60,0.47,1.19,202.51,-186.83,4,0,10711.0
49670,-2.32,-0.80,0.22,0.91,201.95,-167.44,8,0,10719.0
49677,-2.24,-0.94,0.14,11.76,195.30,-140.56,5,0,10726.0
49685,-2.04,-1.29,-0.08,37.80,180.11,-115.22,0,0,10734.0
49693,-1.83,-1.49,-0.40,73.08,156.17,-90.65,2,0,10742.0
49701,-1.44,-1.36,-0.74,93.17,141.40,-75.18,2,0,10750.0
49708,-1.08,-0.95,-0.61,105.28,119.91,-63.42,0,0,10757.0
49716,-1.33,-0.69,-0.51,116.62,93.73,-40.74,0,0,10765.0
49724,-1.44,-0.66,-0.37,115.15,63.35,-15.82,0,0,10773.0
49732,-1.30,-0.71,-0.39,103.95,35.21,11.90,0,0,10781.0
49740,-1.04,-0.71,-0.40,84.84,10.22,34.23,0,0,10789.0
49748,-0.69,-0.64,-0.39,63.35,-19.95,56.14,0,0,10797.0
49756,-0.55,-0.64,-0.42,24.01,-42.63,77.14,0,0,10805.0
49763,-0.52,-0.68,-0.42,3.85,-67.34,97.79,0,0,10812.0
49771,-0.50,-0.73,-0.48,-7.35,-90.58,116.55,0,0,10820.0
49779,-0.49,-0.71,-0.52,-10.78,-112.84,134.89,0,0,10828.0
49787,-0.46,-0.68,-0.56,-10.15,-133.49,157.57,0,0,10836.0
49795,-0.42,-0.63,-0.59,-7.91,-157.64,171.29,0,0,10844.0
49803,-0.35,-0.58,-0.59,-11.90,-174.23,184.38,0,0,10852.0
49811,-0.31,-0.56,-0.60,-19.39,-189.84,195.86,0,0,10860.0
49819,-0.29,-0.53,-0.61,-28.00,-204.54,205.87,0,0,10868.0
49827,-0.29,-0.47,-0.62,-37.38,-218.05,218.89,0,0,10876.0
49835,-0.26,-0.46,-0.62,-48.23,-233.52,229.74,0,0,10884.0
49843,-0.41,-0.37,-0.70,-40.81,-250.88,225.68,0,0,10892.0
49851,-0.31,-0.56,-0.64,-45.71,-258.09,234.15,0,0,10900.0
49859,-0.22,-0.52,-0.66,-40.11,-267.40,248.50,0,0,10908.0
49867,-0.52,-0.47,-0.67,-26.60,-279.79,237.86,0,0,10916.0
49875,-0.55,-0.53,-0.73,-6.37,-290.15,233.17,0,0,10924.0
49883,-0.38,-0.51,-0.65,8.47,-291.83,239.89,0,0,10932.0
49891,-0.45,-0.46,-0.61,24.99,-299.25,241.78,0,0,10940.0
49899,-0.46,-0.70,-0.61,34.16,-302.47,253.19,0,0,10948.0
49906,-0.43,-0.64,-0.56,38.01,-304.08,265.44,0,0,10955.0
49914,-0.62,-0.52,-0.51,42.77,-305.90,269.64,0,0,10963.0
49922,-0.72,-0.48,-0.52,47.53,-308.35,270.90,0,0,10971.0
49930,-0.76,-0.53,-0.53,46.34,-305.97,275.03,0,0,10979.0
49938,-0.86,-0.50,-0.42,46.97,-300.51,273.91,0,0,10987.0
49945,-0.84,-0.44,-0.21,42.70,-290.22,274.61,0,0,10994.0
49953,-0.87,-0.42,-0.19,21.42,-278.95,280.91,0,0,11002.0
49961,-1.03,-0.33,-0.22,-13.93,-267.47,278.74,0,0,11010.0
49969,-1.34,-0.20,-0.22,-46.83,-254.80,265.65,0,0,11018.0
49977,-1.48,-0.14,-0.20,-73.22,-245.35,246.12,0,0,11026.0
49985,-1.53,-0.10,-0.19,-75.11,-234.57,218.47,0,0,11034.0
49993,-1.36,-0.10,-0.13,-68.25,-218.19,193.20,0,0,11042.0
50001,-1.07,-0.07,-0.07,-70.84,-194.88,149.17,0,0,11050.0
50009,-0.76,-0.17,-0.08,-79.66,-157.29,112.84,0,0,11058.0
50017,-0.66,-0.26,-0.06,-85.96,-123.69,72.59,0,0,11066.0
50025,-0.60,-0.22,0.23,-70.77,-83.44,30.52,0,0,11074.0
50032,-0.53,-0.01,0.30,-56.21,-39.76,-10.57,0,0,11081.0
50040,-0.50,0.09,0.18,-62.93,-0.07,-49.42,0,0,11089.0
50048,-0.50,-0.14,-0.07,-72.24,35.56,-97.37,0,0,11097.0
50056,-0.52,-0.35,-0.33,-69.37,77.49,-127.33,0,0,11105.0
50064,-0.71,-0.52,-0.41,-50.33,98.42,-150.01,0,0,11113.0
50072,-1.35,-0.54,-0.64,5.88,114.80,-157.64,0,0,11121.0
50080,-1.39,-0.51,-0.45,92.96,115.99,-146.93,0,8,11129.0
50087,-2.14,0.48,0.21,233.80,100.03,-103.46,0,37,11136.0
50095,-2.87,1.01,0.14,272.37,85.33,-40.53,0,48,11144.0
50103,-3.04,0.35,0.25,293.58,95.83,-93.17,0,49,11152.0
50110,-2.06,0.18,-0.25,256.41,118.02,-163.17,0,44,11159.0
50118,-1.47,1.04,-0.27,147.91,131.18,-176.33,0,43,11167.0
50126,-1.22,0.78,-0.61,58.10,133.14,-180.81,0,69,11175.0
50134,-1.07,0.35,-0.96,-0.49,132.30,-187.81,0,86,11183.0
50141,-0.82,-0.27,-1.06,26.74,148.61,-190.19,0,72,11190.0
50149,-0.74,-1.25,-1.00,95.83,148.61,-196.70,0,28,11198.0
50157,-0.67,-2.02,-1.00,104.02,138.67,-193.69,0,33,11206.0
50165,-0.83,-1.84,-0.98,77.00,117.18,-161.00,0,28,11214.0
50173,-0.88,-1.28,-0.78,2.52,98.42,-125.02,0,28,11222.0
50181,-0.85,-0.82,-0.67,-49.28,83.02,-99.47,0,21,11230.0
50188,-0.91,-0.71,-0.50,-60.83,77.91,-86.66,0,36,11237.0
50196,-1.00,-0.99,-0.47,-56.07,75.46,-76.44,0,23,11245.0
50204,-1.12,-1.22,-0.50,-29.96,70.77,-64.96,0,18,11253.0
50213,-1.28,-1.21,-0.45,12.46,62.79,-56.77,2,5,11262.0
50221,-1.21,-1.09,-0.42,55.72,57.54,-54.18,2,1,11270.0
50229,-1.17,-0.79,-0.45,83.30,53.27,-49.84,6,0,11278.0
50237,-1.17,-0.37,-0.43,76.44,47.18,-42.84,7,0,11286.0
50244,-1.13,0.07,-0.32,44.10,41.02,-34.65,4,1,11293.0
50252,-1.10,0.26,-0.21,-9.66,36.40,-29.47,8,2,11301.0
50260,-1.06,0.32,-0.11,-62.44,31.99,-27.86,10,0,11309.0
50268,-1.08,0.10,-0.09,-93.10,29.61,-27.93,14,0,11317.0
50275,-1.10,-0.27,-0.10,-91.63,27.51,-26.46,11,0,11324.0
50283,-1.08,-0.55,-0.09,-70.77,26.32,-23.31,13,0,11332.0
50291,-1.08,-0.60,-0.06,-44.45,25.41,-20.09,14,0,11340.0
50299,-1.07,-0.30,0.03,-30.52,25.62,-17.36,16,0,11348.0
50307,-1.07,-0.01,0.04,-31.92,25.48,-15.96,18,0,11356.0
50315,-1.04,0.14,0.06,-41.16,24.57,-16.45,23,0,11364.0
50323,-1.04,0.14,0.04,-51.66,24.08,-18.41,24,0,11372.0
50331,-1.03,0.04,0.02,-54.95,24.08,-20.23,28,0,11380.0
50338,-1.03,-0.06,-0.01,-52.64,24.50,-20.02,29,0,11387.0
50346,-1.03,-0.09,-0.01,-46.76,24.92,-20.58,28,0,11395.0
50354,-0.99,-0.09,0.01,-41.37,26.04,-20.44,31,0,11403.0
50362,-0.94,-0.03,0.05,-39.76,28.35,-21.77,33,0,11411.0
50370,-0.93,0.03,0.08,-40.67,29.96,-23.73,36,0,11419.0
50378,-0.93,0.08,0.13,-44.45,31.57,-25.97,33,0,11427.0
50386,-0.94,0.08,0.17,-47.25,34.02,-28.00,33,0,11435.0
50393,-0.92,0.04,0.17,-48.93,37.31,-29.61,32,0,11442.0
50401,-0.92,0.00,0.16,-47.74,41.23,-31.01,35,0,11450.0
50409,-0.94,-0.01,0.15,-47.60,44.87,-32.76,39,0,11458.0
50417,-0.95,-0.02,0.16,-46.90,48.58,-34.23,42,0,11466.0
50424,-1.01,-0.01,0.17,-48.16,52.99,-35.77,42,0,11473.0
50432,-1.06,-0.01,0.18,-47.60,56.35,-38.36,41,0,11481.0
50440,-1.08,-0.01,0.23,-46.76,60.34,-40.11,41,0,11489.0
50448,-1.06,0.03,0.27,-44.52,65.24,-42.14,41,0,11497.0
50456,-1.04,0.09,0.36,-42.63,70.49,-44.38,47,0,11505.0
50463,-1.00,0.20,0.44,-43.33,77.21,-47.32,48,0,11512.0
50471,-1.00,0.38,0.48,-44.03,84.63,-54.53,53,0,11520.0
50479,-1.01,0.43,0.51,-44.38,91.28,-60.34,50,0,11528.0
50486,-1.03,0.37,0.49,-38.43,101.15,-67.41,49,0,11535.0
50494,-1.03,0.38,0.46,-33.74,109.34,-73.22,52,0,11543.0
50502,-1.05,0.45,0.39,-27.51,117.32,-78.89,47,0,11551.0
50510,-1.07,0.46,0.33,-18.41,124.95,-84.35,56,0,11559.0
50517,-1.07,0.46,0.32,-11.27,132.93,-88.83,50,0,11566.0
50525,-1.10,0.50,0.30,-4.90,141.19,-92.33,48,0,11574.0
50533,-1.14,0.54,0.30,0.07,148.68,-96.67,50,0,11582.0
50540,-1.16,0.56,0.31,0.84,155.47,-103.67,44,0,11589.0
50548,-1.21,0.64,0.34,-3.50,162.05,-109.13,46,0,11597.0
50556,-1.26,0.74,0.39,-12.88,167.44,-115.01,42,0,11605.0
50563,-1.31,0.78,0.50,-24.71,173.95,-121.45,43,0,11612.0
50571,-1.40,0.78,0.56,-34.93,177.94,-126.35,46,0,11620.0
50579,-1.51,0.78,0.63,-43.33,180.81,-130.48,49,0,11628.0
50587,-1.65,0.80,0.62,-53.97,180.39,-132.51,52,0,11636.0
50594,-1.81,0.85,0.61,-63.21,175.77,-134.47,38,0,11643.0
50602,-1.91,0.95,0.52,-59.85,170.24,-140.63,35,0,11651.0
50610,-1.94,0.71,0.54,-40.81,170.87,-152.67,20,0,11659.0
50617,-1.84,-0.05,0.63,-11.48,183.61,-168.21,7,0,11666.0
50625,-1.80,-0.61,0.77,14.49,203.42,-170.31,5,0,11674.0
50633,-1.94,-1.05,0.18,21.28,208.60,-156.45,4,0,11682.0
50640,-2.21,-0.99,0.02,19.95,202.30,-135.73,5,0,11689.0
50648,-2.20,-0.84,-0.13,23.38,185.29,-114.24,3,0,11697.0
50656,-1.93,-0.97,-0.43,38.64,167.58,-90.02,0,0,11705.0
50664,-1.61,-1.14,-0.73,45.85,147.77,-70.84,0,1,11713.0
50672,-1.26,-0.96,-0.99,42.42,125.72,-61.74,0,0,11721.0
50680,-1.09,-0.47,-0.85,44.38,98.07,-40.88,0,0,11729.0
50687,-1.30,-0.37,-0.69,58.80,67.13,-22.33,0,0,11736.0
50695,-1.34,-0.52,-0.63,59.57,34.02,-5.46,0,0,11744.0
50703,-1.09,-0.70,-0.58,59.92,-7.49,10.99,0,0,11752.0
50711,-0.89,-0.75,-0.54,58.45,-36.82,28.42,0,0,11760.0
50718,-0.65,-0.78,-0.51,50.89,-61.67,48.51,0,0,11767.0
50726,-0.47,-0.71,-0.45,38.85,-84.98,69.44,0,0,11775.0
50734,-0.34,-0.60,-0.41,25.41,-108.50,91.07,0,0,11783.0
50742,-0.29,-0.52,-0.42,10.99,-130.48,111.44,0,0,11791.0
50750,-0.30,-0.49,-0.43,-3.50,-150.78,131.60,0,0,11799.0
50758,-0.33,-0.50,-0.45,-16.31,-175.42,143.29,0,0,11807.0
50765,-0.33,-0.50,-0.46,-25.41,-191.87,153.93,0,0,11814.0
50773,-0.34,-0.48,-0.48,-35.84,-207.20,164.01,0,0,11822.0
50781,-0.35,-0.44,-0.49,-44.45,-222.04,173.67,0,0,11830.0
50789,-0.36,-0.40,-0.49,-54.74,-236.46,182.84,0,0,11838.0
50797,-0.35,-0.36,-0.50,-66.85,-249.69,194.04,0,0,11846.0
50805,-0.39,-0.35,-0.52,-78.40,-262.08,199.08,0,0,11854.0
50812,-0.42,-0.36,-0.55,-89.39,-277.55,204.47,0,0,11861.0
50820,-0.46,-0.41,-0.57,-99.33,-288.54,209.09,0,0,11869.0
50828,-0.52,-0.44,-0.59,-103.32,-299.11,211.33,0,0,11877.0
50836,-0.58,-0.45,-0.60,-93.94,-308.00,211.40,0,0,11885.0
50844,-0.64,-0.48,-0.61,-75.11,-315.77,208.32,0,0,11893.0
50852,-0.66,-0.56,-0.64,-49.70,-322.98,206.01,0,0,11901.0
50860,-0.66,-0.59,-0.64,-22.33,-329.42,205.80,0,0,11909.0
50868,-0.68,-0.57,-0.65,8.82,-332.78,207.27,0,0,11917.0
50875,-0.72,-0.52,-0.62,32.48,-334.32,208.81,0,0,11924.0
50883,-0.72,-0.44,-0.52,50.47,-329.98,211.75,0,0,11932.0
50891,-0.68,-0.34,-0.29,62.44,-320.39,215.32,0,0,11940.0
50899,-0.69,-0.22,-0.19,56.00,-307.65,222.67,0,0,11948.0
50907,-0.76,-0.13,-0.13,34.23,-294.63,226.94,0,0,11956.0
50914,-0.95,-0.05,-0.15,2.59,-278.60,229.81,0,0,11963.0
50922,-1.12,-0.04,-0.16,-29.96,-267.40,228.55,1,0,11971.0
50930,-1.27,-0.08,-0.19,-64.82,-255.64,222.74,0,0,11979.0
50938,-1.40,-0.18,-0.37,-83.79,-244.16,213.78,0,0,11987.0
50946,-1.43,-0.28,-0.27,-89.53,-233.94,202.09,0,0,11995.0
50953,-1.39,-0.16,-0.32,-85.19,-222.60,176.47,0,0,12002.0
50961,-1.23,-0.08,-0.36,-79.31,-207.83,152.32,0,0,12010.0
50969,-1.01,-0.14,-0.31,-71.68,-180.88,121.24,0,0,12018.0
50977,-0.87,-0.24,-0.24,-60.13,-154.63,89.04,0,0,12026.0
50984,-0.78,-0.24,-0.15,-50.19,-123.13,59.36,0,0,12033.0
50992,-0.77,-0.09,-0.02,-43.96,-88.34,30.31,0,0,12041.0
51000,-0.74,0.07,0.05,-39.13,-51.80,0.91,0,0,12049.0
51008,-0.69,0.09,-0.02,-35.21,-15.89,-28.84,0,0,12057.0
51016,-0.68,-0.09,-0.15,-27.58,18.41,-66.78,0,0,12065.0
51024,-0.71,-0.26,-0.31,-14.91,60.69,-91.00,0,0,12073.0
51032,-0.73,-0.43,-0.43,5.88,89.25,-112.91,0,0,12081.0
51040,-0.77,-0.55,-0.52,42.49,113.33,-134.61,0,0,12089.0
51048,-0.86,-0.66,-0.51,73.22,127.40,-155.26,0,0,12097.0
51056,-1.45,-0.43,-0.49,117.60,130.69,-150.36,0,0,12105.0
51063,-1.72,-0.10,-0.24,171.01,103.74,-116.20,0,1,12112.0
51071,-2.15,0.64,0.21,227.71,77.21,-63.14,0,22,12120.0
51079,-2.29,1.17,0.11,239.75,67.27,-23.38,0,35,12128.0
51087,-1.87,0.95,0.10,214.69,81.41,-34.93,0,37,12136.0
51094,-1.34,0.39,0.16,171.01,99.19,-105.98,0,54,12143.0
51102,-1.32,0.63,-0.20,101.78,117.53,-137.13,0,37,12151.0
51110,-1.71,0.62,-0.42,53.97,121.94,-133.98,0,54,12159.0
51117,-1.53,0.28,-0.76,30.87,117.11,-138.60,0,35,12166.0
51125,-1.07,0.12,-0.84,47.53,119.84,-147.77,0,41,12174.0
51133,-0.88,-0.59,-0.76,98.14,125.09,-160.16,0,57,12182.0
51140,-0.84,-1.03,-0.75,122.92,124.60,-161.14,0,31,12189.0
51148,-0.98,-1.10,-0.73,87.43,111.02,-145.88,0,31,12197.0
51156,-0.96,-0.81,-0.71,4.97,97.86,-126.42,0,31,12205.0
51164,-0.88,-0.59,-0.56,-43.96,87.01,-104.72,0,36,12213.0
51172,-0.93,-0.64,-0.49,-57.12,78.54,-93.66,0,28,12221.0
51179,-0.91,-0.80,-0.51,-57.05,76.51,-87.78,0,21,12228.0
51187,-1.01,-0.85,-0.41,-48.23,73.15,-72.31,0,41,12236.0
51195,-1.05,-0.94,-0.33,-31.85,67.76,-57.75,0,24,12244.0
51203,-1.19,-0.97,-0.31,-9.10,61.53,-51.94,0,6,12252.0
51211,-1.15,-0.77,-0.25,19.11,57.68,-51.38,2,2,12260.0
51219,-1.13,-0.43,-0.22,25.62,54.11,-50.82,3,0,12268.0
51226,-1.14,-0.23,-0.19,10.50,51.66,-45.78,5,0,12275.0
51234,-1.10,-0.07,-0.17,-13.23,49.35,-40.95,8,1,12283.0
51242,-1.07,-0.09,-0.11,-35.49,47.32,-35.77,12,0,12291.0
51250,-1.04,-0.23,-0.06,-48.16,43.68,-33.39,9,0,12299.0
51258,-1.01,-0.41,-0.01,-54.46,41.93,-29.61,13,0,12307.0
51266,-1.03,-0.48,-0.02,-42.63,40.11,-26.39,12,0,12315.0
51273,-1.06,-0.47,0.00,-33.32,39.06,-24.57,15,0,12322.0
51281,-1.06,-0.35,-0.00,-32.06,38.71,-21.70,18,0,12330.0
51289,-1.04,-0.11,-0.01,-34.16,37.66,-21.00,18,0,12338.0
51297,-1.03,-0.06,-0.02,-36.40,35.77,-20.02,19,0,12346.0
51305,-1.00,-0.08,-0.03,-39.27,34.58,-19.60,22,0,12354.0
51313,-0.99,-0.12,-0.04,-37.59,34.23,-19.74,23,0,12362.0
51321,-0.99,-0.14,-0.03,-31.08,33.88,-21.00,28,0,12370.0
51329,-0.98,-0.15,-0.02,-25.97,34.16,-22.05,28,0,12378.0
51337,-0.96,-0.09,0.01,-25.34,34.65,-23.03,28,0,12386.0
51345,-0.96,-0.01,0.03,-28.35,35.56,-23.52,30,0,12394.0
51352,-0.95,0.03,0.05,-33.11,37.10,-23.38,31,0,12401.0
51360,-0.93,0.08,0.08,-42.70,38.29,-24.50,32,0,12409.0
51368,-0.94,0.05,0.08,-45.50,39.76,-25.97,34,0,12417.0
51375,-0.97,-0.02,0.08,-45.29,41.86,-28.28,33,0,12424.0
51383,-0.99,-0.03,0.09,-44.10,44.94,-30.10,36,0,12432.0
51391,-1.00,-0.01,0.10,-44.38,47.95,-32.48,39,0,12440.0
51399,-1.02,0.03,0.12,-46.48,51.59,-33.25,36,0,12448.0
51407,-1.01,0.06,0.15,-50.26,56.28,-34.16,33,0,12456.0
51414,-1.05,0.07,0.18,-53.97,59.57,-36.33,39,0,12463.0
51422,-1.06,0.04,0.21,-52.57,63.35,-38.78,45,0,12471.0
51430,-1.03,-0.00,0.25,-45.57,68.25,-40.67,40,0,12479.0
51438,-0.99,0.08,0.31,-41.30,74.20,-42.28,40,0,12487.0
51446,-0.98,0.20,0.34,-38.57,80.57,-46.06,45,0,12495.0
51454,-1.01,0.34,0.36,-36.12,87.01,-50.33,43,0,12503.0
51461,-1.02,0.34,0.36,-32.20,95.62,-55.44,44,0,12510.0
51469,-1.04,0.36,0.38,-28.77,102.83,-60.62,44,0,12518.0
51477,-1.05,0.41,0.39,-24.15,109.83,-66.22,51,0,12526.0
51484,-1.07,0.39,0.38,-16.59,117.18,-72.94,52,0,12533.0
51492,-1.05,0.37,0.40,-6.72,125.86,-79.03,56,0,12541.0
51500,-1.06,0.45,0.42,-2.03,134.68,-85.05,52,0,12549.0
51507,-1.10,0.54,0.43,-0.35,143.15,-91.14,56,0,12556.0
51515,-1.15,0.59,0.44,0.14,151.13,-98.42,54,0,12564.0
51523,-1.20,0.65,0.45,-3.08,158.83,-106.12,58,0,12572.0
51530,-1.25,0.86,0.46,-8.61,165.90,-116.48,58,0,12579.0
51538,-1.31,0.85,0.51,-17.22,171.92,-124.74,51,0,12587.0
51546,-1.38,0.84,0.55,-23.73,177.38,-133.07,40,0,12595.0
51553,-1.50,0.78,0.58,-26.67,182.77,-140.00,42,0,12602.0
51561,-1.69,0.72,0.63,-28.56,182.91,-145.74,49,0,12610.0
51569,-1.88,0.69,0.85,-21.42,180.67,-150.71,47,0,12618.0
51577,-2.04,0.72,0.69,-12.11,174.65,-157.08,43,0,12626.0
51584,-2.06,0.58,0.63,2.31,168.84,-165.34,37,0,12633.0
51592,-1.89,0.29,0.52,15.26,171.99,-172.69,18,0,12641.0
51600,-1.80,0.02,0.49,24.15,183.82,-179.69,7,0,12649.0
51607,-1.85,-0.19,0.60,12.53,195.72,-179.83,4,0,12656.0
51615,-2.03,-0.72,-0.09,-28.28,192.50,-154.14,4,0,12664.0
51623,-2.26,-0.59,-0.09,-53.90,182.63,-126.49,5,0,12672.0
51631,-2.02,-0.68,-0.21,-64.05,160.65,-94.36,0,0,12680.0
51639,-1.66,-1.07,-0.45,-55.58,139.30,-65.45,1,0,12688.0
51647,-1.34,-1.43,-0.78,-42.14,120.26,-48.16,0,0,12696.0
51654,-0.95,-1.45,-1.07,-25.62,99.89,-47.95,0,0,12703.0
51662,-0.75,-0.83,-0.87,10.64,72.03,-26.11,0,0,12711.0
51670,-1.17,-0.52,-0.67,54.74,39.06,2.52,0,0,12719.0
51678,-1.28,-0.58,-0.58,78.05,-15.40,26.18,0,0,12727.0
51685,-1.04,-0.80,-0.54,86.10,-41.51,40.95,0,0,12734.0
51693,-0.77,-0.87,-0.52,82.46,-68.18,55.16,0,0,12742.0
51701,-0.57,-0.77,-0.50,67.55,-92.54,70.84,0,0,12750.0
51709,-0.42,-0.63,-0.46,39.83,-115.36,90.65,0,0,12758.0
51716,-0.37,-0.47,-0.44,23.38,-137.55,108.01,0,0,12765.0
51724,-0.36,-0.41,-0.45,7.91,-158.83,123.90,0,0,12773.0
51732,-0.36,-0.44,-0.48,-1.96,-177.80,142.31,0,0,12781.0
51740,-0.38,-0.49,-0.50,-6.93,-200.41,152.39,0,0,12789.0
51748,-0.39,-0.48,-0.48,-10.43,-215.88,161.77,1,0,12797.0
51756,-0.38,-0.44,-0.47,-17.08,-230.30,171.57,0,0,12805.0
51763,-0.38,-0.39,-0.47,-26.25,-244.02,182.98,0,0,12812.0
51771,-0.38,-0.32,-0.46,-38.71,-256.13,192.57,0,0,12820.0
51779,-0.39,-0.27,-0.48,-54.74,-266.56,203.00,0,0,12828.0
51787,-0.45,-0.27,-0.49,-72.31,-279.02,209.02,0,0,12836.0
51795,-0.50,-0.25,-0.51,-85.96,-287.42,212.52,1,0,12844.0
51803,-0.56,-0.27,-0.53,-91.84,-294.98,214.34,0,0,12852.0
51811,-0.62,-0.35,-0.57,-82.18,-302.05,213.99,0,0,12860.0
51819,-0.66,-0.47,-0.60,-61.11,-307.86,212.73,1,0,12868.0
51827,-0.69,-0.60,-0.62,-32.41,-312.76,211.68,0,0,12876.0
51835,-0.69,-0.61,-0.64,-3.08,-316.96,212.24,0,0,12884.0
51843,-0.69,-0.50,-0.60,21.91,-317.94,214.06,1,0,12892.0
51850,-0.71,-0.36,-0.56,47.95,-316.61,216.09,0,0,12899.0
51858,-0.73,-0.25,-0.46,59.29,-311.64,219.03,0,0,12907.0
51866,-0.75,-0.19,-0.28,62.09,-304.36,223.86,0,0,12915.0
51874,-0.79,-0.14,-0.20,54.11,-294.49,232.47,0,0,12923.0
51882,-0.85,-0.11,-0.14,38.92,-283.01,237.93,0,0,12931.0
51889,-0.95,-0.13,-0.13,22.89,-268.80,241.57,0,0,12938.0
51897,-1.04,-0.17,-0.16,3.22,-257.25,243.74,0,0,12946.0
51905,-1.16,-0.25,-0.19,-6.02,-246.75,240.59,0,0,12954.0
51913,-1.27,-0.28,-0.22,-7.98,-236.74,230.86,0,0,12962.0
51921,-1.32,-0.22,-0.28,-6.09,-227.15,216.72,0,0,12970.0
51929,-1.33,-0.01,-0.32,-2.17,-218.61,190.26,0,0,12978.0
51936,-1.34,0.07,-0.35,-1.33,-207.97,164.64,0,0,12985.0
51944,-1.23,0.00,-0.33,-6.02,-187.60,140.56,0,0,12993.0
51952,-1.06,-0.11,-0.26,-15.26,-165.90,115.29,0,0,13001.0
51960,-0.91,-0.16,-0.13,-26.60,-137.97,86.87,0,0,13009.0
51968,-0.83,-0.10,0.09,-27.51,-105.21,56.70,0,0,13017.0
51976,-0.79,0.00,0.18,-24.43,-68.60,13.30,0,0,13025.0
51983,-0.72,0.02,0.18,-23.10,-30.80,-21.42,0,0,13032.0
51991,-0.67,-0.10,0.10,-23.94,18.13,-56.07,0,0,13040.0
51999,-0.69,-0.26,-0.02,-20.23,52.50,-89.11,0,0,13048.0
52007,-0.67,-0.44,-0.18,-1.96,84.07,-120.26,0,0,13056.0
52015,-0.69,-0.58,-0.35,19.88,111.44,-150.78,0,1,13064.0
52023,-0.80,-0.70,-0.61,35.91,131.32,-177.87,0,0,13072.0
52030,-1.11,-0.67,-0.43,62.23,135.66,-189.98,0,0,13079.0
52039,-1.84,-0.20,-0.38,115.99,117.74,-161.63,0,0,13088.0
52047,-1.83,0.58,0.20,198.66,87.22,-98.35,0,7,13096.0
52054,-2.18,1.01,0.12,222.18,65.94,-33.18,0,27,13103.0
52062,-2.02,0.89,-0.07,228.48,68.18,-4.76,0,34,13111.0
52070,-1.20,-0.05,0.04,216.58,75.32,-70.07,0,35,13119.0
52077,-0.80,0.45,-0.24,153.02,89.32,-119.63,0,39,13126.0
52085,-1.30,0.83,-0.38,117.67,98.00,-128.31,0,37,13134.0
52093,-1.57,0.42,-0.53,114.52,98.00,-142.10,0,32,13142.0
52100,-1.45,0.11,-0.61,127.61,103.04,-163.59,0,41,13149.0
52108,-1.37,-0.47,-0.67,141.12,113.75,-188.16,0,31,13157.0
52116,-1.49,-0.97,-0.78,119.98,130.06,-192.57,0,27,13165.0
52124,-1.38,-0.90,-1.11,90.51,125.79,-174.23,0,23,13173.0
52131,-1.09,-0.34,-0.92,29.82,114.59,-152.67,0,23,13180.0
52139,-0.76,0.07,-0.26,-55.65,96.60,-138.39,0,24,13188.0
52147,-0.71,-0.18,-0.39,-104.65,88.06,-120.89,2,30,13196.0
52155,-0.66,-0.78,-0.45,-100.66,83.51,-107.31,3,16,13204.0
52163,-0.69,-1.30,-0.41,-79.94,78.75,-106.47,4,10,13212.0
52171,-0.97,-1.48,-0.32,-35.91,73.57,-92.12,6,5,13220.0
52179,-1.14,-1.45,-0.23,30.24,67.55,-76.23,12,3,13228.0
52187,-1.12,-1.23,-0.27,60.13,63.98,-69.37,11,0,13236.0
52194,-1.11,-0.74,-0.25,76.72,59.29,-64.33,14,0,13243.0
52202,-1.06,-0.35,-0.19,64.40,53.76,-56.14,17,0,13251.0
52210,-1.02,-0.07,-0.19,26.11,49.07,-49.00,18,0,13259.0
52218,-1.02,0.08,-0.21,-12.04,43.96,-44.87,19,0,13267.0
52225,-1.03,0.02,-0.22,-39.41,41.58,-43.12,18,0,13274.0
52233,-1.06,-0.14,-0.22,-71.12,40.25,-41.51,19,0,13282.0
52241,-1.10,-0.30,-0.19,-47.53,39.27,-39.06,21,0,13290.0
52249,-1.13,-0.39,-0.13,-35.98,38.64,-38.92,22,0,13298.0
52257,-1.12,-0.39,-0.04,-29.61,38.50,-18.97,25,0,13306.0
52265,-1.08,-0.22,-0.04,-33.74,38.50,-31.85,29,0,13314.0
52273,-1.03,-0.08,-0.03,-37.24,36.47,-29.82,30,1,13322.0
52280,-1.00,-0.03,-0.02,-44.03,35.14,-28.35,30,0,13329.0
52288,-0.98,-0.09,-0.06,-48.51,33.53,-28.21,27,0,13337.0
52296,-0.97,-0.15,-0.09,-46.83,32.97,-29.47,29,0,13345.0
52304,-0.97,-0.18,-0.09,-44.45,33.60,-29.68,31,0,13353.0
52312,-0.99,-0.16,-0.08,-42.56,33.88,-29.26,34,0,13361.0
52319,-1.02,-0.12,-0.06,-41.86,34.09,-28.70,36,0,13368.0
52327,-1.01,-0.09,-0.04,-42.28,33.95,-27.86,37,0,13376.0
52335,-1.01,-0.05,0.01,-44.73,34.72,-28.84,37,0,13384.0
52343,-1.02,-0.02,0.05,-49.91,35.91,-29.40,37,0,13392.0
52351,-1.02,-0.02,0.07,-51.31,37.17,-30.38,37,0,13400.0
52358,-1.05,-0.07,0.10,-51.10,38.71,-31.71,38,0,13407.0
52366,-1.08,-0.05,0.11,-52.43,41.09,-34.30,38,0,13415.0
52374,-1.06,-0.02,0.14,-55.44,43.96,-35.63,41,0,13423.0
52382,-1.04,0.02,0.17,-58.24,46.83,-36.68,43,0,13431.0
52389,-1.06,-0.02,0.20,-58.66,50.75,-37.03,48,0,13438.0
52397,-1.10,-0.07,0.23,-55.02,55.37,-37.45,55,0,13446.0
52405,-1.12,-0.01,0.27,-50.05,61.18,-39.06,52,0,13454.0
52412,-1.11,0.16,0.34,-51.24,67.76,-41.44,54,0,13461.0
52420,-1.08,0.28,0.39,-51.38,73.85,-45.85,50,0,13469.0
52428,-1.04,0.31,0.45,-51.52,80.78,-50.61,53,0,13477.0
52435,-1.04,0.35,0.48,-47.18,87.85,-56.49,49,0,13484.0
52443,-1.03,0.40,0.48,-41.30,95.06,-63.07,45,0,13492.0
52451,-1.01,0.45,0.47,-37.24,103.46,-87.71,45,0,13500.0
52458,-1.00,0.55,0.44,-33.18,111.30,-78.54,51,0,13507.0
52466,-1.00,0.55,0.42,-28.21,119.63,-84.28,45,0,13515.0
52474,-1.03,0.52,0.39,-20.65,128.73,-88.62,45,0,13523.0
52481,-1.15,0.57,0.36,-15.47,141.12,-92.40,48,0,13530.0
52489,-1.22,0.64,0.34,-11.83,148.40,-97.23,44,0,13538.0
52497,-1.26,0.69,0.37,-11.62,155.26,-103.11,44,0,13546.0
52505,-1.28,0.75,0.42,-17.01,162.05,-108.92,50,0,13554.0
52512,-1.28,0.88,0.62,-26.81,168.56,-115.64,49,0,13561.0
52520,-1.30,0.95,0.65,-36.68,174.23,-123.55,47,0,13569.0
52528,-1.38,0.92,0.79,-39.90,178.64,-129.43,46,0,13577.0
52535,-1.49,0.82,0.87,-39.06,182.56,-135.45,39,0,13584.0
52543,-1.61,0.80,0.85,-39.69,183.19,-136.78,39,0,13592.0
52552,-1.80,0.88,0.67,-33.53,177.87,-141.61,37,0,13601.0
52561,-1.85,0.79,0.62,-18.48,177.38,-160.37,25,0,13610.0
52569,-1.92,0.37,0.61,12.95,186.97,-177.73,7,0,13618.0
52577,-1.98,-0.26,0.64,34.93,204.12,-188.23,6,0,13626.0
52585,-2.04,-0.76,0.47,35.35,208.18,-182.84,14,0,13634.0
52592,-2.26,-0.85,0.23,33.53,201.25,-166.11,19,1,13641.0
52600,-2.31,-0.59,0.05,30.38,189.07,-134.82,40,0,13649.0
52608,-2.10,-0.88,-0.18,33.81,173.53,-108.50,27,0,13657.0
52615,-1.74,-1.22,-0.58,35.70,157.15,-91.84,5,0,13664.0
52623,-1.28,-1.30,-0.94,31.50,133.98,-84.14,1,0,13672.0
52631,-1.25,-0.93,-0.96,24.50,105.00,-68.18,0,0,13680.0
52639,-1.57,-0.45,-0.77,46.90,70.91,-42.91,0,0,13688.0
52647,-1.66,-0.35,-0.66,59.64,34.44,-22.40,0,0,13696.0
52654,-1.47,-0.62,-0.54,59.85,-1.47,-7.00,0,0,13703.0
52663,-1.11,-0.97,-0.51,50.54,-29.26,14.14,0,0,13712.0
52671,-0.64,-0.96,-0.52,35.28,-59.85,35.00,0,0,13720.0
52678,-0.43,-0.83,-0.52,11.90,-82.81,60.34,0,0,13727.0
52687,-0.32,-0.65,-0.49,-14.28,-107.03,85.05,0,0,13736.0
52694,-0.33,-0.55,-0.50,-28.21,-130.90,103.67,0,0,13743.0
52702,-0.34,-0.62,-0.52,-31.85,-153.02,123.20,0,0,13751.0
52710,-0.34,-0.60,-0.54,-31.01,-172.97,135.80,0,0,13759.0
52718,-0.32,-0.67,-0.55,-29.19,-196.00,146.51,0,0,13767.0
52726,-0.27,-0.63,-0.54,-28.63,-212.66,156.94,0,0,13775.0
52733,-0.23,-0.57,-0.52,-28.56,-228.69,167.02,0,0,13782.0
52741,-0.22,-0.53,-0.51,-34.23,-243.39,177.03,0,0,13790.0
52749,-0.25,-0.49,-0.50,-43.05,-256.62,184.66,0,0,13798.0
52757,-0.25,-0.43,-0.50,-55.86,-268.94,193.27,0,0,13806.0
52765,-0.27,-0.32,-0.50,-72.66,-280.84,202.23,0,0,13814.0
52773,-0.28,-0.27,-0.47,-89.11,-294.63,207.90,0,0,13822.0
52780,-0.32,-0.25,-0.52,-123.83,-306.11,207.41,0,0,13829.0
52789,-0.45,-0.39,-0.56,-116.48,-317.66,209.30,0,0,13838.0
52797,-0.55,-0.46,-0.54,-120.40,-324.73,211.68,0,0,13846.0
52804,-0.59,-0.39,-0.52,-117.39,-332.36,205.38,0,0,13853.0
52812,-0.75,-0.40,-0.51,-109.06,-340.90,203.00,0,0,13861.0
52820,-0.83,-0.44,-0.50,-98.56,-345.17,203.98,0,0,13869.0
52828,-0.91,-0.51,-0.52,-77.14,-348.32,201.53,0,0,13877.0
52836,-0.99,-0.55,-0.40,-54.04,-350.63,197.40,0,0,13885.0
52843,-1.04,-0.56,-0.50,-34.79,-350.07,199.78,0,0,13892.0
52851,-1.10,-0.49,-0.46,-10.22,-348.46,200.20,0,0,13900.0
52859,-1.13,-0.44,-0.42,13.51,-344.12,197.82,0,0,13908.0
52867,-1.14,-0.42,-0.41,40.53,-336.07,195.65,0,0,13916.0
52875,-0.96,-0.30,-0.06,67.83,-310.03,192.85,0,1,13924.0
52882,-0.89,-0.23,-0.03,66.36,-287.14,192.15,0,0,13931.0
52890,-1.06,-0.13,-0.11,40.18,-268.03,193.06,0,0,13939.0
52898,-1.30,-0.12,-0.22,21.49,-251.58,191.38,0,0,13947.0
52906,-1.42,-0.35,-0.41,29.82,-239.05,181.65,0,0,13955.0
52913,-1.32,-0.67,-0.55,63.28,-223.44,147.91,0,0,13962.0
52921,-1.10,-0.64,-0.53,105.70,-200.20,137.13,0,0,13970.0
52929,-0.92,-0.33,-0.46,136.22,-173.67,108.36,0,0,13978.0
52937,-0.73,0.03,-0.32,137.20,-126.00,72.10,0,0,13986.0
52944,-0.62,0.35,-0.11,117.46,-95.27,30.94,0,0,13993.0
52952,-0.63,0.49,0.07,87.78,-54.60,-9.03,0,0,14001.0
52959,-0.58,0.28,0.14,54.39,-13.30,-43.61,0,0,14008.0
52967,-0.49,-0.12,0.04,32.41,25.76,-74.55,0,0,14016.0
52975,-0.50,-0.35,-0.17,32.27,61.88,-103.04,0,0,14024.0
52983,-0.52,-0.45,-0.58,35.70,93.17,-128.87,0,0,14032.0
52990,-0.55,-0.51,-0.78,39.69,115.99,-153.23,0,0,14039.0
52998,-0.96,-0.64,-0.72,64.75,125.37,-166.46,0,0,14047.0
53005,-1.50,-0.60,-0.65,108.22,125.16,-156.73,0,0,14054.0
53013,-1.61,0.38,0.05,200.20,102.48,-93.59,0,24,14062.0
53021,-2.37,1.06,0.53,248.29,75.39,-36.33,0,51,14070.0
53028,-2.90,0.93,0.43,244.02,71.33,-38.36,0,54,14077.0
53036,-2.32,0.34,0.02,213.15,96.18,-117.32,0,72,14085.0
53043,-1.77,0.69,-0.38,108.15,119.21,-145.04,0,58,14092.0
53051,-1.69,1.04,-0.66,10.50,128.66,-146.02,0,55,14100.0
53059,-1.56,0.82,-0.96,-42.14,128.52,-153.02,0,66,14108.0
53067,-1.23,0.33,-1.31,-29.26,140.07,-162.68,0,42,14116.0
53074,-0.98,-0.40,-1.44,25.69,148.54,-175.14,0,46,14123.0
53082,-0.83,-1.01,-1.09,43.82,142.94,-181.30,0,60,14131.0
53090,-0.79,-1.45,-0.92,19.46,130.76,-166.60,0,56,14139.0
53098,-0.75,-1.71,-0.74,-17.78,115.78,-127.19,0,50,14147.0
53105,-0.76,-1.70,-0.55,-12.81,99.89,-109.27,0,63,14154.0
53113,-0.86,-1.62,-0.43,9.38,87.78,-100.24,0,44,14162.0
53121,-0.99,-1.26,-0.30,29.61,81.27,-91.00,0,26,14170.0
53129,-1.04,-1.04,-0.25,28.98,76.02,-73.43,0,17,14178.0
53137,-1.13,-0.92,-0.20,22.82,71.40,-57.54,0,14,14186.0
53144,-1.14,-0.84,-0.17,20.16,66.36,-46.27,0,13,14193.0
53152,-1.09,-0.71,-0.13,17.29,60.62,-39.76,0,11,14201.0
53160,-1.08,-0.48,-0.17,8.61,56.28,-35.14,0,10,14209.0
53168,-1.10,-0.28,-0.25,-1.47,50.26,-31.71,0,8,14217.0
53176,-1.08,-0.13,-0.30,-12.32,45.85,-28.63,0,3,14225.0
53184,-1.07,-0.07,-0.33,-24.85,41.93,-27.09,0,7,14233.0
53192,-1.08,-0.04,-0.33,-36.54,38.57,-24.99,0,1,14241.0
53199,-1.10,-0.01,-0.29,-47.95,36.05,-23.31,0,2,14248.0
53207,-1.11,0.03,-0.21,-57.47,34.51,-23.38,0,0,14256.0
53215,-1.09,-0.02,-0.16,-58.24,32.90,-23.31,0,0,14264.0
53223,-1.05,-0.09,-0.10,-56.98,32.06,-22.19,0,1,14272.0
53231,-1.05,-0.09,-0.03,-54.46,31.29,-20.37,0,0,14280.0
53239,-1.05,-0.04,0.03,-54.46,30.73,-19.53,0,0,14288.0
53246,-1.01,0.00,0.10,-55.65,30.80,-19.18,0,0,14295.0
53254,-0.98,-0.00,0.13,-56.00,31.29,-19.88,0,0,14303.0
53262,-0.96,-0.07,0.14,-52.08,31.64,-23.59,0,0,14311.0
53270,-0.95,-0.16,0.15,-45.08,32.20,-25.76,1,0,14319.0
53277,-0.89,-0.22,0.14,-39.20,33.25,-27.79,0,0,14326.0
53285,-0.92,-0.22,0.11,-33.74,35.00,-25.48,0,0,14334.0
53293,-0.93,-0.03,0.08,-38.78,34.51,-29.54,1,0,14342.0
53301,-0.98,0.01,0.06,-52.22,35.28,-31.57,6,0,14350.0
53308,-0.91,-0.04,0.07,-54.32,37.66,-28.49,7,0,14357.0
53316,-1.03,-0.19,0.02,-60.20,37.17,-32.06,10,0,14365.0
53324,-1.04,-0.08,-0.02,-65.66,39.27,-35.98,12,0,14373.0
53332,-1.05,-0.08,-0.07,-67.76,40.04,-33.60,17,0,14381.0
53340,-1.02,-0.09,-0.01,-68.60,42.14,-33.46,19,0,14389.0
53348,-0.98,-0.12,0.02,-69.16,45.01,-30.31,23,0,14397.0
53355,-1.04,-0.07,0.07,-63.07,49.14,-29.26,78,0,14404.0
53363,-1.04,-0.02,0.15,-52.36,52.78,-29.96,96,0,14412.0
53371,-1.03,-0.01,0.27,-43.89,58.52,-30.38,59,0,14420.0
53379,-1.01,0.24,0.38,-37.87,65.38,-32.62,27,0,14428.0
53386,-0.97,0.29,0.47,-37.31,73.22,-36.05,26,0,14435.0
53394,-0.99,0.40,0.55,-35.77,80.85,-44.03,28,0,14443.0
53402,-1.03,0.39,0.62,-32.48,90.16,-53.76,29,0,14451.0
53409,-1.04,0.34,0.65,-32.83,98.14,-58.73,31,0,14458.0
53417,-1.06,0.34,0.62,-30.31,106.40,-63.56,30,0,14466.0
53425,-1.11,0.41,0.57,-28.00,113.89,-69.37,36,0,14474.0
53432,-1.17,0.53,0.49,-26.74,121.52,-75.88,42,0,14481.0
53440,-1.14,0.58,0.43,-21.28,130.20,-83.09,46,0,14489.0
53448,-1.10,0.57,0.39,-15.05,140.28,-88.06,44,1,14497.0
53455,-1.13,0.59,0.34,-7.56,149.31,-91.98,50,2,14504.0
53463,-1.23,0.64,0.34,-3.92,157.99,-96.25,46,0,14512.0
53471,-1.26,0.66,0.31,-5.11,165.90,-100.38,47,0,14520.0
53478,-1.31,0.73,0.37,-9.10,171.57,-105.14,50,0,14527.0
53486,-1.37,0.81,0.44,-17.01,176.26,-110.74,43,0,14535.0
53494,-1.40,0.82,0.59,-21.63,180.60,-119.28,42,2,14543.0
53501,-1.51,0.69,0.71,-22.40,182.56,-124.25,39,0,14550.0
53509,-1.61,0.72,0.80,-19.95,183.40,-131.32,41,0,14558.0
53517,-1.68,0.68,0.87,-17.22,181.93,-133.98,45,0,14566.0
53525,-1.72,0.70,1.07,-0.70,177.59,-138.81,47,0,14574.0
53532,-1.80,0.62,0.79,22.61,174.09,-149.03,30,0,14581.0
53540,-1.85,0.33,0.62,37.73,177.59,-164.43,8,0,14589.0
53548,-1.91,-0.06,0.45,48.16,185.29,-195.51,6,0,14597.0
53556,-2.04,-0.31,0.70,45.57,200.76,-183.40,3,0,14605.0
53563,-2.14,-0.64,0.17,17.85,201.32,-172.83,6,0,14612.0
53571,-2.36,-0.65,-0.01,0.14,192.85,-150.57,7,0,14620.0
53579,-2.13,-0.75,-0.04,-7.14,178.22,-125.72,1,0,14628.0
53587,-1.73,-1.18,-0.44,-3.85,162.47,-99.82,0,0,14636.0
53595,-1.39,-1.42,-0.88,-3.15,145.60,-80.15,0,0,14644.0
53602,-1.06,-1.26,-0.87,-4.55,124.39,-68.67,1,0,14651.0
53610,-1.23,-0.64,-0.76,17.43,97.02,-46.69,0,0,14659.0
53618,-1.45,-0.55,-0.66,38.57,68.04,-33.32,1,0,14667.0
53625,-1.49,-0.71,-0.63,55.58,19.53,-16.45,0,0,14674.0
53633,-1.14,-0.86,-0.62,65.94,-0.98,2.17,0,0,14682.0
53641,-0.88,-0.89,-0.56,62.23,-26.39,22.33,0,0,14690.0
53649,-0.67,-0.83,-0.52,44.45,-49.70,45.50,0,0,14698.0
53657,-0.46,-0.78,-0.50,25.69,-72.17,68.04,0,0,14706.0
53664,-0.36,-0.61,-0.49,13.93,-95.97,85.82,0,0,14713.0
53672,-0.29,-0.53,-0.50,3.78,-118.44,104.23,0,0,14721.0
53680,-0.32,-0.53,-0.52,1.19,-140.91,122.78,0,0,14729.0
53687,-0.35,-0.56,-0.53,4.06,-161.49,133.35,1,0,14736.0
53695,-0.34,-0.54,-0.52,7.49,-178.85,142.52,0,0,14744.0
53703,-0.30,-0.50,-0.52,9.73,-202.23,153.37,0,0,14752.0
53711,-0.26,-0.45,-0.51,6.16,-217.70,163.52,0,0,14760.0
53718,-0.22,-0.38,-0.51,-8.12,-232.47,172.48,0,0,14767.0
53726,-0.18,-0.36,-0.51,-30.73,-244.37,185.43,0,0,14775.0
53734,-0.17,-0.29,-0.53,-51.45,-256.34,195.58,0,0,14783.0
53742,-0.24,-0.32,-0.56,-62.09,-269.71,204.05,0,0,14791.0
53750,-0.16,-0.34,-0.53,-78.12,-278.11,219.87,0,0,14799.0
53757,-0.42,-0.31,-0.60,-76.65,-299.11,213.71,0,0,14806.0
53765,-0.47,-0.49,-0.68,-67.48,-309.05,213.22,0,0,14814.0
53773,-0.45,-0.51,-0.74,-52.99,-319.69,216.93,0,0,14822.0
53781,-0.46,-0.47,-0.70,-42.07,-326.90,222.32,0,0,14830.0
53789,-0.46,-0.49,-0.68,-35.63,-337.12,224.49,0,0,14838.0
53797,-0.47,-0.54,-0.66,-25.76,-343.98,233.87,0,0,14846.0
53805,-0.52,-0.55,-0.67,-3.15,-349.30,239.19,0,0,14854.0
53812,-0.63,-0.49,-0.64,21.77,-351.19,240.10,0,0,14861.0
53820,-0.84,-0.41,-0.61,48.58,-351.82,235.41,0,0,14869.0
53828,-0.76,-0.46,-0.42,71.12,-344.40,239.61,0,0,14877.0
53836,-0.90,-0.38,-0.29,79.45,-333.90,235.76,0,0,14885.0
53843,-0.88,-0.40,-0.12,69.51,-317.73,242.69,0,0,14892.0
53851,-1.00,-0.32,-0.08,45.99,-299.95,250.32,0,0,14900.0
53859,-1.20,-0.12,-0.07,20.58,-281.12,245.49,1,0,14908.0
53867,-1.45,-0.08,-0.13,-2.24,-262.22,231.56,0,0,14916.0
53875,-1.55,-0.23,-0.28,-17.71,-238.35,217.70,0,0,14924.0
53883,-1.50,-0.29,-0.32,-11.20,-221.62,195.02,0,0,14932.0
53891,-1.25,-0.33,-0.37,6.86,-201.95,149.45,0,0,14940.0
53899,-0.95,-0.34,-0.36,16.87,-175.70,122.85,0,0,14948.0
53907,-0.78,-0.43,-0.35,27.37,-145.74,83.79,0,0,14956.0
53914,-0.50,-0.34,-0.23,36.12,-97.65,44.24,0,0,14963.0
53922,-0.59,-0.14,-0.00,40.88,-55.65,7.77,0,0,14971.0
53930,-0.64,0.08,0.11,29.89,-13.79,-28.07,0,0,14979.0
53937,-0.64,0.10,0.03,11.41,25.69,-63.21,0,0,14986.0
53945,-0.60,-0.07,-0.14,-1.68,60.06,-96.60,0,0,14994.0
53953,-0.60,-0.28,-0.38,-5.18,90.51,-124.60,0,0,15002.0
53961,-0.99,-0.43,-0.41,13.86,111.30,-148.19,0,0,15010.0
53969,-1.40,-0.38,-0.51,51.38,124.32,-149.94,0,0,15018.0
53976,-1.92,0.26,-0.17,143.01,105.70,-113.61,0,25,15025.0
53984,-2.50,0.84,0.23,215.25,86.87,-61.53,0,32,15033.0
53992,-2.72,1.02,0.02,232.40,87.15,-40.95,0,34,15041.0
53999,-1.96,0.16,0.20,220.36,106.75,-104.37,0,48,15048.0
54007,-1.43,0.24,-0.10,144.69,125.02,-151.90,0,44,15056.0
54015,-1.35,0.85,-0.31,82.74,135.17,-158.34,0,45,15064.0
54022,-1.31,0.57,-0.55,34.58,132.86,-163.87,1,73,15071.0
54030,-1.20,-0.09,-0.96,16.59,131.53,-174.79,0,34,15079.0
54038,-1.04,-0.86,-1.24,45.50,139.72,-182.56,0,30,15087.0
54046,-0.85,-1.24,-1.20,100.31,142.66,-179.90,0,31,15095.0
54053,-0.72,-1.36,-1.03,112.14,112.21,-170.94,0,36,15102.0
54061,-0.86,-1.26,-0.98,58.45,103.88,-155.61,0,24,15110.0
54071,-0.84,-0.90,-0.74,-38.99,84.91,-115.43,0,41,15120.0
54080,-0.90,-0.84,-0.64,-62.79,76.16,-90.72,0,17,15129.0
54088,-1.00,-1.13,-0.51,-56.42,72.24,-76.86,0,17,15137.0
54096,-1.10,-1.33,-0.43,-30.31,66.29,-67.27,2,16,15145.0
54104,-1.25,-1.34,-0.38,7.84,59.99,-58.45,3,12,15153.0
54111,-1.29,-1.08,-0.33,45.71,55.72,-53.69,5,7,15160.0
54119,-1.22,-0.70,-0.31,62.16,50.96,-51.94,5,0,15168.0
54127,-1.18,-0.39,-0.31,55.30,46.97,-45.71,4,0,15176.0
54135,-1.11,-0.15,-0.24,28.14,42.70,-37.31,7,0,15184.0
54142,-1.09,-0.00,-0.16,-5.88,37.94,-28.42,9,0,15191.0
54150,-1.08,0.02,-0.08,-38.50,34.09,-26.39,11,0,15199.0
54158,-1.09,-0.18,-0.04,-55.79,29.68,-25.34,13,0,15207.0
54166,-1.10,-0.44,-0.05,-56.63,27.58,-23.31,14,0,15215.0
54174,-1.12,-0.54,-0.06,-42.07,25.90,-20.51,16,1,15223.0
54182,-1.10,-0.47,-0.05,-36.61,24.64,-15.40,19,0,15231.0
54190,-1.10,-0.26,-0.10,-37.24,22.54,-10.92,19,0,15239.0
54197,-1.10,-0.08,-0.12,-42.91,20.44,-8.26,23,0,15246.0
54205,-1.09,0.01,-0.15,-52.64,0.56,-8.19,26,0,15254.0
54213,-1.10,0.04,-0.14,-58.52,16.45,-9.45,28,0,15262.0
54221,-1.10,-0.04,-0.10,-56.91,14.98,-10.50,28,0,15270.0
54228,-1.10,-0.07,-0.02,-54.04,15.96,-9.80,28,1,15277.0
54236,-1.11,0.03,0.04,-52.92,17.43,-10.08,27,0,15285.0
54244,-1.09,0.17,0.15,-53.41,19.81,-12.04,30,0,15293.0
54251,-1.04,0.24,0.25,-57.26,22.47,-14.70,32,0,15300.0
54259,-0.99,0.28,0.33,-61.32,25.97,-19.67,34,0,15308.0
54267,-0.93,0.15,0.35,-61.81,30.66,-26.25,32,0,15316.0
54274,-0.87,0.18,0.36,-59.92,36.75,-30.17,32,0,15323.0
54282,-0.82,0.21,0.37,-58.45,43.40,-33.46,34,0,15331.0
54290,-0.79,0.25,0.35,-56.28,50.12,-36.75,35,0,15339.0
54297,-0.78,0.22,0.34,-53.20,58.73,-40.32,38,0,15346.0
54305,-0.81,0.18,0.32,-48.44,65.24,-43.96,38,0,15354.0
54313,-0.87,0.16,0.31,-41.65,71.54,-46.55,38,1,15362.0
54320,-0.92,0.14,0.30,-34.02,77.84,-49.07,40,0,15369.0
54328,-0.98,0.14,0.27,-28.63,83.93,-52.22,43,0,15377.0
54336,-1.02,0.20,0.24,-28.56,88.62,-55.72,44,0,15385.0
54344,-1.05,0.26,0.25,-30.73,92.19,-59.43,41,0,15393.0
54351,-1.08,0.21,0.27,-28.77,96.18,-62.93,39,1,15400.0
54359,-1.07,0.15,0.31,-27.51,101.92,-66.29,46,0,15408.0
54366,-1.07,0.23,0.34,-24.01,107.10,-71.12,49,0,15415.0
54374,-1.07,0.24,0.37,-20.02,112.70,-74.90,51,0,15423.0
54382,-1.08,0.29,0.40,-17.43,121.80,-78.68,51,0,15431.0
54389,-1.10,0.41,0.40,-15.12,128.38,-83.58,52,0,15438.0
54397,-1.07,0.47,0.39,-11.27,135.38,-89.11,45,0,15446.0
54405,-1.02,0.43,0.44,-5.18,143.99,-94.01,40,0,15454.0
54412,-1.08,0.47,0.44,-0.14,152.25,-97.58,39,0,15461.0
54420,-1.14,0.57,0.44,-1.61,159.67,-102.34,38,0,15469.0
54428,-1.20,0.68,0.44,-6.02,165.13,-109.41,42,0,15477.0
54435,-1.26,0.74,0.50,-14.77,169.82,-117.67,40,0,15484.0
54443,-1.30,0.80,0.59,-24.85,174.16,-126.28,43,0,15492.0
54451,-1.37,0.79,0.71,-31.64,177.94,-132.44,45,0,15500.0
54458,-1.48,0.69,0.82,-31.78,180.46,-139.09,49,0,15507.0
54466,-1.60,0.56,0.94,-24.92,180.32,-141.89,51,0,15515.0
54474,-1.74,0.46,0.84,-19.46,178.50,-142.31,44,1,15523.0
54482,-1.87,0.37,0.53,-8.26,172.97,-148.05,36,0,15531.0
54489,-1.92,0.64,0.50,4.48,170.45,-159.25,24,0,15538.0
54498,-1.92,0.62,0.45,3.01,175.07,-172.20,4,0,15547.0
54505,-1.93,0.30,0.56,-3.36,184.10,-180.67,1,0,15554.0
54513,-1.90,-0.08,0.05,-30.17,186.48,-171.36,2,0,15562.0
54520,-2.02,-0.59,-0.02,-61.32,178.50,-128.94,6,0,15569.0
54528,-2.07,-0.51,-0.15,-67.69,166.81,-106.75,5,0,15577.0
54536,-1.77,-0.69,-0.29,-65.31,144.69,-76.58,3,0,15585.0
54544,-1.51,-1.02,-0.53,-64.68,126.07,-56.70,3,0,15593.0
54552,-1.23,-1.21,-0.86,-59.22,108.99,-55.37,0,0,15601.0
54563,-1.06,-1.04,-0.82,-19.67,78.40,-44.52,1,0,15612.0
54571,-1.50,-0.79,-0.59,39.62,36.26,-22.12,0,0,15620.0
54579,-1.56,-0.87,-0.67,82.04,0.63,-3.29,0,0,15628.0
54587,-1.27,-1.05,-0.63,125.65,-26.39,8.05,0,0,15636.0
54594,-0.98,-0.96,-0.61,127.47,-49.14,18.13,0,0,15643.0
54602,-0.77,-0.83,-0.55,102.41,-68.46,35.70,0,0,15651.0
54610,-0.59,-0.60,-0.52,65.38,-87.99,55.79,0,0,15659.0
54617,-0.49,-0.38,-0.52,29.68,-107.80,74.62,0,0,15666.0
54625,-0.50,-0.21,-0.51,2.94,-127.82,96.25,0,0,15674.0
54633,-0.54,-0.26,-0.54,-16.17,-148.33,110.67,0,0,15682.0
54641,-0.56,-0.37,-0.57,-26.67,-173.95,121.17,0,0,15690.0
54649,-0.53,-0.43,-0.58,-32.76,-190.82,130.06,0,0,15698.0
54657,-0.47,-0.44,-0.58,-37.10,-206.99,140.42,0,0,15706.0
54664,-0.44,-0.44,-0.55,-41.30,-221.97,150.78,0,0,15713.0
54672,-0.41,-0.45,-0.54,-43.40,-235.20,177.24,0,0,15721.0
54680,-0.37,-0.49,-0.54,-47.18,-247.24,168.28,0,0,15729.0
54688,-0.39,-0.45,-0.56,-51.24,-261.87,173.32,0,0,15737.0
54696,-0.41,-0.41,-0.56,-51.10,-271.74,177.24,0,0,15745.0
54704,-0.41,-0.41,-0.59,-44.80,-280.91,180.39,0,0,15753.0
54711,-0.43,-0.43,-0.61,-33.04,-290.29,183.33,0,0,15760.0
54719,-0.44,-0.50,-0.62,-18.20,-298.27,187.95,0,0,15768.0
54727,-0.44,-0.53,-0.62,-2.59,-304.78,194.74,0,0,15776.0
54735,-0.46,-0.48,-0.62,10.71,-310.66,201.04,0,0,15784.0
54743,-0.48,-0.45,-0.61,19.25,-316.89,209.30,0,0,15792.0
54751,-0.53,-0.42,-0.58,20.58,-320.11,217.70,0,0,15800.0
54758,-0.62,-0.41,-0.59,26.74,-323.26,226.24,0,0,15807.0
54766,-0.71,-0.42,-0.56,36.26,-324.66,234.36,0,0,15815.0
54774,-0.79,-0.46,-0.51,48.02,-323.89,242.97,0,0,15823.0
54782,-0.87,-0.48,-0.45,61.60,-320.74,252.98,0,1,15831.0
54789,-0.92,-0.45,-0.33,75.88,-313.25,257.46,0,0,15838.0
54797,-0.96,-0.43,-0.20,84.56,-300.72,258.44,0,0,15846.0
54805,-1.05,-0.33,-0.10,83.58,-279.02,256.06,1,0,15854.0
54813,-1.21,-0.18,-0.06,70.07,-263.13,252.07,0,0,15862.0
54820,-1.41,-0.07,-0.12,40.46,-250.46,243.95,0,0,15869.0
54828,-1.55,-0.03,-0.29,23.31,-241.01,227.85,0,0,15877.0
54836,-1.48,0.03,-0.40,13.79,-230.65,206.50,0,0,15885.0
54844,-1.22,0.12,-0.39,-0.70,-214.27,179.34,0,0,15893.0
54851,-0.95,0.11,-0.30,-23.24,-192.50,128.87,0,0,15900.0
54859,-0.74,-0.05,-0.18,-47.39,-165.62,100.80,0,0,15908.0
54867,-0.56,-0.11,-0.03,-61.95,-113.61,63.28,0,0,15916.0
54875,-0.57,-0.11,0.12,-65.10,-76.16,24.08,0,0,15924.0
54882,-0.62,-0.13,0.18,-64.33,-33.25,-13.58,0,0,15931.0
54890,-0.56,-0.23,0.12,-60.90,7.49,-48.79,0,3,15939.0
54898,-0.49,-0.40,-0.15,-48.65,45.57,-79.94,1,0,15947.0
54906,-0.47,-0.57,-0.36,-24.92,80.78,-107.87,0,0,15955.0
54914,-0.50,-0.65,-0.54,0.84,112.00,-142.73,1,0,15963.0
54921,-0.68,-0.62,-0.71,19.81,127.33,-159.39,0,0,15970.0
54929,-1.58,-0.40,-0.79,48.30,131.88,-152.46,0,0,15978.0
54937,-1.57,0.18,-0.34,117.95,107.80,-118.93,0,15,15986.0
54945,-2.21,0.99,0.47,211.68,78.26,-59.57,0,38,15994.0
54952,-2.62,1.24,0.62,219.73,69.44,-16.94,0,39,16001.0
54960,-2.20,0.57,0.70,239.47,95.69,-68.11,0,51,16009.0
54967,-1.62,-0.23,-0.16,195.79,115.50,-158.48,0,44,16016.0
54975,-1.96,0.31,-0.49,72.52,125.65,-160.23,0,88,16024.0
54983,-2.02,0.58,-0.77,-3.50,115.50,-161.07,0,39,16032.0
54990,-1.55,0.58,-1.29,-54.60,112.42,-177.73,0,36,16039.0
54998,-1.09,-0.19,-1.93,-34.79,142.52,-181.58,0,34,16047.0
55006,-0.56,-0.94,-1.79,53.62,168.63,-178.92,0,33,16055.0
55014,-0.59,-1.49,-1.16,108.36,134.61,-178.29,0,44,16063.0
55022,-0.74,-1.94,-0.82,36.82,116.34,-155.96,2,51,16071.0
55029,-0.93,-1.84,-0.89,-4.27,96.04,-118.58,0,41,16078.0
55037,-0.97,-1.35,-0.68,-7.28,81.27,-85.19,0,47,16086.0
55045,-1.01,-0.90,-0.27,0.21,71.75,-78.96,0,58,16094.0
55053,-1.12,-0.77,-0.21,-2.52,68.46,-75.53,0,41,16102.0
55061,-1.18,-0.80,-0.27,-13.86,64.82,-60.34,0,35,16110.0
55069,-1.20,-0.74,-0.32,-17.50,57.96,-49.77,0,38,16118.0
55076,-1.24,-0.61,-0.25,-15.82,52.15,-42.63,1,21,16125.0
55084,-1.12,-0.57,-0.23,-20.37,47.46,-36.47,1,2,16133.0
55092,-1.09,-0.40,-0.26,-34.79,43.82,-33.11,3,0,16141.0
55100,-1.12,-0.14,-0.23,-58.24,40.95,-28.28,2,1,16149.0
55108,-1.08,-0.02,-0.16,-75.46,38.01,-21.77,3,0,16157.0
55116,-1.10,-0.16,-0.13,-82.88,34.79,-19.60,2,0,16165.0
55124,-1.12,-0.35,-0.09,-85.05,32.48,-16.87,7,0,16173.0
55132,-1.15,-0.37,-0.03,-82.39,30.66,-13.93,4,0,16181.0
55139,-1.14,-0.25,0.03,-77.77,28.98,-11.62,6,0,16188.0
55147,-1.13,-0.14,0.02,-73.57,27.72,-10.29,4,0,16196.0
55155,-1.08,-0.01,0.07,-74.76,26.60,-10.57,8,0,16204.0
55163,-1.02,0.07,0.08,-75.67,26.39,-11.06,9,0,16212.0
55170,-0.99,0.05,0.06,-74.20,26.88,-11.34,15,0,16219.0
55178,-0.98,-0.04,0.06,-69.09,28.21,-11.48,13,0,16227.0
55186,-0.97,-0.09,0.06,-61.81,29.96,-12.18,17,0,16235.0
55194,-0.95,-0.08,0.06,-52.50,32.20,-12.67,16,0,16243.0
55201,-0.94,-0.02,0.09,-47.32,34.65,-14.07,17,0,16250.0
55209,-0.94,0.01,0.11,-45.71,36.75,-16.10,20,0,16258.0
55217,-0.94,0.01,0.14,-46.06,38.57,-17.92,20,0,16266.0
55224,-0.91,0.00,0.19,-44.73,40.04,-21.77,28,0,16273.0
55232,-0.87,-0.09,0.22,-40.46,42.35,-24.15,55,0,16281.0
55240,-0.85,-0.18,0.25,-34.30,45.36,-26.53,84,0,16289.0
55248,-0.85,-0.21,0.25,-26.53,50.26,-28.42,89,0,16297.0
55256,-0.84,-0.14,0.24,-21.77,53.69,-30.52,83,0,16305.0
55263,-0.84,-0.06,0.25,-23.10,56.91,-33.67,89,0,16312.0
55271,-0.87,-0.02,0.22,-27.37,59.43,-35.63,64,0,16320.0
55279,-0.93,0.00,0.18,-31.78,61.74,-37.38,37,0,16328.0
55287,-1.01,-0.12,0.17,-33.60,63.49,-38.85,29,0,16336.0
55294,-1.05,-0.01,0.17,-32.55,66.92,-39.48,28,0,16343.0
55302,-1.06,0.08,0.19,-29.82,88.62,-41.02,23,0,16351.0
55310,-1.00,0.21,0.27,-27.93,77.14,-43.47,26,0,16359.0
55318,-0.98,0.35,0.39,-29.40,84.07,-46.41,28,0,16367.0
55325,-0.98,0.38,0.48,-25.69,91.28,-51.10,29,0,16374.0
55333,-1.02,0.38,0.52,-20.09,98.56,-57.75,32,0,16382.0
55341,-1.06,0.41,0.52,-12.32,106.19,-64.96,43,0,16390.0
55348,-1.08,0.42,0.48,-7.28,113.89,-71.33,36,0,16397.0
55356,-1.12,0.46,0.39,-4.55,122.01,-76.86,38,0,16405.0
55364,-1.14,0.48,0.33,-0.14,129.99,-84.56,36,0,16413.0
55371,-1.19,0.48,0.29,2.03,138.04,-87.08,37,0,16420.0
55379,-1.27,0.51,0.26,5.74,145.74,-91.42,42,0,16428.0
55387,-1.31,0.56,0.26,5.53,152.74,-96.11,44,0,16436.0
55394,-1.36,0.67,0.27,1.47,160.51,-100.73,43,0,16443.0
55402,-1.37,0.72,0.32,-4.62,164.92,-105.77,47,0,16451.0
55410,-1.37,0.74,0.40,-12.25,169.61,-110.18,44,0,16459.0
55417,-1.39,0.78,0.49,-21.91,173.74,-115.36,45,0,16466.0
55425,-1.43,0.79,0.60,-25.97,176.75,-118.37,47,0,16474.0
55433,-1.52,0.75,0.71,-24.85,178.01,-123.27,46,0,16482.0
55440,-1.57,0.67,0.96,-13.51,176.68,-128.17,39,0,16489.0
55448,-1.65,0.58,0.79,2.17,170.45,-130.48,35,0,16497.0
55456,-1.77,0.69,0.70,28.91,164.29,-140.49,32,0,16505.0
55463,-1.73,0.50,0.60,41.65,166.46,-154.49,21,0,16512.0
55471,-1.76,0.23,0.50,45.85,174.37,-171.50,8,0,16520.0
55478,-1.92,-0.23,0.35,28.98,184.45,-173.39,3,0,16527.0
55486,-2.09,-0.45,0.08,-7.49,186.97,-161.14,2,0,16535.0
55494,-2.18,-0.49,0.03,-32.62,183.19,-143.01,9,0,16543.0
55501,-2.01,-0.55,0.01,-37.38,171.22,-119.91,4,0,16550.0
55509,-1.84,-0.91,-0.16,-14.98,152.81,-91.42,2,0,16558.0
55517,-1.57,-1.31,-0.42,11.34,133.42,-69.37,1,0,16566.0
55525,-1.28,-1.46,-0.77,33.11,119.63,-57.54,0,0,16574.0
55533,-0.97,-1.34,-0.76,43.19,103.39,-53.62,0,0,16582.0
55541,-1.18,-0.89,-0.60,69.16,78.61,-27.86,0,0,16590.0
55548,-1.40,-0.67,-0.49,82.53,50.82,-3.43,0,0,16597.0
55556,-1.26,-0.60,-0.43,81.69,12.32,22.26,0,0,16605.0
55564,-0.99,-0.61,-0.41,67.90,-14.00,45.08,0,0,16613.0
55571,-0.76,-0.61,-0.42,49.63,-38.50,65.59,0,0,16620.0
55579,-0.60,-0.57,-0.41,21.70,-62.09,84.70,0,0,16628.0
55587,-0.44,-0.57,-0.39,0.28,-85.19,105.14,0,0,16636.0
55595,-0.39,-0.56,-0.43,-10.92,-108.78,122.57,0,0,16644.0
55603,-0.40,-0.63,-0.45,-13.16,-136.92,142.24,0,0,16652.0
55613,-0.40,-0.63,-0.52,-6.79,-155.68,156.45,0,0,16662.0
55621,-0.39,-0.61,-0.53,-0.49,-176.33,164.99,0,0,16670.0
55628,-0.37,-0.56,-0.52,-0.14,-191.17,172.83,0,0,16677.0
55637,-0.39,-0.54,-0.50,-3.71,-205.31,180.18,0,0,16686.0
55645,-0.40,-0.46,-0.46,-8.68,-219.10,189.84,0,0,16694.0
55653,-0.40,-0.38,-0.44,-17.01,-236.04,195.93,0,0,16702.0
55661,-0.42,-0.34,-0.45,-29.54,-247.38,201.32,0,0,16710.0
55669,-0.46,-0.37,-0.47,-48.72,-257.95,207.06,0,0,16718.0
55677,-0.50,-0.40,-0.51,-60.55,-267.75,211.05,0,0,16726.0
55685,-0.55,-0.39,-0.53,-65.45,-276.78,213.85,0,0,16734.0
55693,-0.60,-0.40,-0.55,-61.18,-284.76,214.20,0,0,16742.0
55700,-0.64,-0.48,-0.58,-49.63,-293.51,214.20,0,0,16749.0
55708,-0.67,-0.56,-0.61,-30.73,-299.60,213.99,0,0,16757.0
55716,-0.69,-0.60,-0.66,1.68,-304.57,214.62,0,0,16765.0
55724,-0.71,-0.63,-0.68,23.73,-308.35,217.07,0,0,16773.0
55731,-0.74,-0.65,-0.65,50.96,-311.29,220.22,0,0,16780.0
55740,-0.75,-0.65,-0.61,83.02,-311.15,224.56,0,0,16789.0
55747,-0.73,-0.58,-0.53,114.59,-305.55,228.27,0,0,16796.0
55755,-0.65,-0.51,-0.31,138.04,-290.43,233.52,0,0,16804.0
55763,-0.69,-0.42,-0.21,136.71,-276.85,240.80,0,0,16812.0
55771,-0.81,-0.32,-0.17,107.10,-264.32,247.66,0,0,16820.0
55779,-1.00,-0.21,-0.16,77.56,-252.14,250.53,0,0,16828.0
55786,-1.18,-0.15,-0.16,54.46,-240.38,245.42,0,0,16835.0
55794,-1.33,-0.16,-0.29,30.94,-229.60,231.28,0,0,16843.0
55802,-1.42,-0.25,-0.22,19.67,-219.45,217.21,0,0,16851.0
55810,-1.36,-0.14,-0.19,22.47,-202.37,195.93,0,0,16859.0
55818,-1.26,-0.05,-0.21,21.21,-187.32,170.10,0,0,16867.0
55825,-1.18,-0.03,-0.23,4.62,-168.91,139.86,1,0,16874.0
55833,-1.05,-0.04,-0.23,-15.40,-147.42,106.75,0,0,16882.0
55841,-0.88,-0.06,-0.09,-34.44,-120.05,72.03,0,0,16890.0
55849,-0.74,-0.09,0.06,-46.06,-87.57,18.69,0,0,16898.0
55857,-0.70,-0.11,0.13,-50.82,-53.76,-9.38,0,0,16906.0
55864,-0.72,-0.16,0.07,-54.81,-9.94,-42.14,0,0,16913.0
55872,-0.73,-0.26,-0.07,-59.50,20.02,-71.68,0,0,16921.0
55880,-0.69,-0.31,-0.24,-64.47,47.04,-99.26,0,0,16929.0
55888,-0.64,-0.42,-0.42,-58.10,70.91,-125.09,0,0,16937.0
55896,-0.61,-0.59,-0.63,-44.87,91.63,-149.66,0,0,16945.0
55903,-0.70,-0.81,-0.90,-35.42,104.86,-169.47,0,0,16952.0
55911,-0.87,-0.93,-0.81,-12.74,108.36,-171.01,0,0,16960.0
55919,-1.49,-0.29,-0.66,42.77,106.19,-147.63,0,0,16968.0
55927,-1.43,0.44,-0.20,122.01,86.94,-87.71,0,5,16976.0
55934,-2.03,0.94,0.08,175.35,65.24,-17.01,0,36,16983.0
55942,-2.41,0.86,0.15,204.33,56.91,14.91,0,45,16991.0
55950,-1.98,-0.03,0.27,218.19,69.09,-47.53,0,41,16999.0
55957,-1.76,0.22,-0.13,160.86,88.41,-110.88,0,43,17006.0
55965,-1.77,0.81,-0.25,86.73,96.60,-123.83,1,39,17014.0
55973,-1.63,0.80,-0.57,68.32,92.40,-137.06,0,35,17022.0
55980,-1.25,0.60,-0.71,85.96,99.12,-151.97,0,39,17029.0
55988,-1.05,0.02,-0.69,116.13,105.21,-169.33,0,29,17037.0
55996,-0.99,-1.06,-0.64,113.26,115.57,-179.69,0,36,17045.0
56004,-1.05,-1.26,-0.84,84.21,119.00,-168.91,0,29,17053.0
56011,-1.04,-0.96,-0.74,40.95,103.46,-140.77,0,29,17060.0
56019,-0.88,-0.63,-0.49,-26.04,87.43,-115.85,0,26,17068.0
56027,-0.81,-0.59,-0.45,-68.18,78.12,-101.29,0,19,17076.0
56035,-0.84,-0.73,-0.36,-52.29,72.03,-98.21,0,19,17084.0
56043,-0.90,-1.11,-0.28,-34.44,68.74,-94.99,2,15,17092.0
56051,-0.98,-1.21,-0.25,-6.51,64.26,-72.24,3,12,17100.0
56058,-1.14,-1.21,-0.25,21.77,58.10,-57.05,5,6,17107.0
56066,-1.16,-0.88,-0.25,41.72,54.25,-54.74,6,2,17115.0
56074,-1.17,-0.47,-0.24,64.05,49.21,-55.72,7,0,17123.0
56082,-1.09,-0.23,-0.27,56.56,44.10,-52.36,9,0,17131.0
56090,-1.06,-0.04,-0.30,32.90,40.25,-48.58,8,0,17139.0
56097,-1.03,0.08,-0.27,6.16,37.03,-43.47,9,0,17146.0
56105,-1.06,-0.04,-0.22,-17.50,35.21,-38.08,14,0,17154.0
56113,-1.10,-0.19,-0.18,-31.29,32.76,-35.91,13,0,17162.0
56121,-1.11,-0.32,-0.12,-31.71,31.15,-35.42,15,0,17170.0
56129,-1.09,-0.40,-0.09,-22.47,29.54,-34.65,16,0,17178.0
56137,-1.05,-0.42,-0.08,-17.29,27.37,-32.06,19,1,17186.0
56145,-1.03,-0.32,0.00,-27.23,27.37,-28.42,18,0,17194.0
56152,-1.01,-0.09,0.01,-41.23,26.53,-24.43,20,1,17201.0
56160,-1.02,0.03,0.02,-54.67,25.27,-22.68,23,0,17209.0
56168,-1.03,0.00,-0.01,-64.05,23.38,-23.10,26,0,17217.0
56176,-1.04,-0.10,-0.04,-68.60,22.47,-24.71,27,0,17225.0
56184,-1.03,-0.17,-0.04,-65.59,21.42,-26.39,28,0,17233.0
56192,-1.00,-0.22,-0.05,-59.78,22.05,-25.62,31,0,17241.0
56199,-0.99,-0.19,-0.05,-55.37,22.82,-24.15,35,0,17248.0
56207,-0.99,-0.09,-0.04,-52.78,23.45,-24.92,31,0,17256.0
56215,-1.01,0.03,0.01,-54.74,23.87,-25.90,31,0,17264.0
56223,-0.88,0.06,0.03,-59.36,25.97,-26.67,38,0,17272.0
56230,-0.98,0.09,0.08,-62.72,28.35,-28.49,38,0,17279.0
56238,-0.95,0.10,0.14,-63.21,31.29,-30.80,35,0,17287.0
56245,-0.92,0.06,0.20,-59.64,34.58,-33.04,36,0,17294.0
56253,-0.90,0.01,0.26,-49.14,40.18,-35.28,37,0,17302.0
56261,-0.93,0.07,0.30,-47.67,46.27,-36.82,37,0,17310.0
56269,-0.98,0.22,0.31,-49.07,51.87,-39.83,40,0,17318.0
56276,-1.01,0.27,0.29,-51.24,56.77,-43.54,34,0,17325.0
56284,-1.03,0.23,0.29,-51.17,61.81,-48.30,43,0,17333.0
56292,-1.05,0.20,0.29,-50.96,67.69,-51.52,44,0,17341.0
56299,-1.06,0.23,0.30,-49.07,73.99,-57.12,43,0,17348.0
56307,-1.07,0.28,0.31,-47.88,80.50,-61.53,48,0,17356.0
56315,-1.07,0.30,0.31,-45.64,86.45,-66.01,46,0,17364.0
56322,-1.10,0.30,0.31,-40.46,91.98,-70.77,49,0,17371.0
56330,-1.14,0.24,0.31,-32.83,100.31,-74.76,47,0,17379.0
56338,-1.14,0.33,0.30,-28.21,106.82,-79.17,54,0,17387.0
56346,-1.12,0.39,0.34,-24.43,113.05,-83.79,53,0,17395.0
56353,-1.12,0.32,0.38,-19.46,120.54,-88.34,51,0,17402.0
56361,-1.17,0.32,0.40,-15.19,128.24,-92.33,49,0,17410.0
56369,-1.22,0.43,0.41,-16.17,135.24,-97.86,51,0,17418.0
56377,-1.24,0.51,0.40,-19.32,141.40,-103.88,52,1,17426.0
56384,-1.24,0.52,0.41,-24.15,146.72,-109.34,46,0,17433.0
56392,-1.24,0.55,0.42,-28.63,151.83,-115.08,46,0,17441.0
56399,-1.24,0.60,0.47,-36.61,158.27,-120.26,42,0,17448.0
56407,-1.28,0.67,0.51,-44.80,161.98,-125.72,41,0,17456.0
56415,-1.33,0.70,0.57,-48.86,163.87,-132.02,43,0,17464.0
56423,-1.41,0.69,0.64,-49.28,165.62,-138.11,46,0,17472.0
56431,-1.45,0.65,0.72,-48.30,165.20,-144.69,45,0,17480.0
56438,-1.53,0.64,0.65,-49.77,163.17,-146.86,44,0,17487.0
56446,-1.65,0.62,0.51,-44.38,158.55,-153.30,36,0,17495.0
56453,-1.74,0.63,0.49,-37.66,158.27,-170.66,20,0,17502.0
56461,-1.73,0.49,0.45,-31.43,166.25,-184.17,7,0,17510.0
56469,-1.75,0.11,0.39,-24.29,177.38,-188.23,4,0,17518.0
56476,-1.80,-0.19,0.50,-27.72,192.64,-183.12,2,0,17525.0
56484,-1.89,-0.49,0.35,-43.61,194.04,-168.21,5,0,17533.0
56492,-2.03,-0.63,0.08,-57.05,190.47,-143.71,3,0,17541.0
56500,-1.92,-0.76,-0.10,-60.76,186.13,-116.34,0,0,17549.0
56508,-1.65,-1.10,-0.48,-61.04,179.83,-93.31,0,0,17557.0
56515,-1.34,-1.46,-0.85,-58.59,170.45,-80.50,0,0,17564.0
56523,-1.11,-1.33,-0.93,-40.67,154.77,-58.66,0,0,17572.0
56531,-1.53,-0.90,-0.88,6.23,119.70,-33.81,0,0,17580.0
56539,-1.71,-0.56,-0.90,47.18,88.76,-15.89,0,0,17588.0
56547,-1.55,-0.57,-0.85,77.07,56.42,-9.45,0,0,17596.0
56554,-1.20,-0.69,-0.78,68.81,27.23,-5.81,0,0,17603.0
56562,-0.89,-0.70,-0.73,44.17,0.91,8.19,0,0,17611.0
56570,-0.61,-0.62,-0.67,14.14,-22.19,27.37,0,0,17619.0
56578,-0.41,-0.50,-0.66,-14.77,-44.10,56.00,0,0,17627.0
56585,-0.32,-0.39,-0.66,-38.50,-67.48,74.34,0,0,17634.0
56593,-0.30,-0.40,-0.66,-53.97,-93.10,87.29,0,0,17642.0
56601,-0.31,-0.42,-0.69,-59.92,-126.49,97.58,0,0,17650.0
56609,-0.32,-0.55,-0.66,-62.23,-150.57,108.57,0,0,17658.0
56617,-0.28,-0.69,-0.64,-55.65,-171.99,120.61,0,0,17666.0
56625,-0.26,-0.72,-0.61,-43.89,-190.96,132.37,0,0,17674.0
56632,-0.22,-0.69,-0.59,-30.94,-209.30,149.17,0,0,17681.0
56640,-0.18,-0.64,-0.59,-21.14,-226.10,159.25,0,0,17689.0
56648,-0.18,-0.57,-0.59,-11.34,-245.91,166.25,0,0,17697.0
56656,-0.20,-0.49,-0.62,-2.31,-259.42,172.76,0,0,17705.0
56664,-0.22,-0.41,-0.63,5.95,-271.74,178.22,0,0,17713.0
56672,-0.24,-0.29,-0.64,11.62,-283.43,182.63,0,0,17721.0
56679,-0.26,-0.20,-0.65,14.35,-295.12,187.46,0,0,17728.0
56687,-0.30,-0.18,-0.67,12.74,-305.97,192.78,0,0,17736.0
56695,-0.37,-0.20,-0.65,7.63,-316.05,201.46,0,0,17744.0
56703,-0.39,-0.20,-0.65,0.00,-324.59,209.58,0,0,17752.0
56711,-0.45,-0.20,-0.62,-6.16,-333.97,216.79,0,0,17760.0
56718,-0.52,-0.29,-0.63,-6.37,-340.55,223.16,0,0,17767.0
56726,-0.59,-0.43,-0.65,3.15,-346.08,228.27,0,0,17775.0
56734,-0.68,-0.56,-0.64,20.72,-349.44,234.15,0,0,17783.0
56742,-0.76,-0.63,-0.58,40.74,-350.00,245.63,0,0,17791.0
56750,-0.84,-0.62,-0.55,61.25,-348.18,254.17,0,0,17799.0
56757,-0.87,-0.59,-0.44,85.05,-340.41,262.78,0,0,17806.0
56765,-0.88,-0.54,-0.33,102.06,-330.75,270.69,0,0,17814.0
56773,-0.94,-0.47,-0.21,113.05,-316.82,275.87,0,0,17822.0
56781,-1.02,-0.41,-0.10,111.30,-299.74,277.20,0,0,17830.0
56789,-1.16,-0.33,-0.05,98.14,-281.05,275.17,0,0,17838.0
56796,-1.35,-0.17,-0.06,76.93,-262.85,267.26,0,0,17845.0
56804,-1.50,0.00,-0.17,52.57,-246.82,235.34,0,0,17853.0
56812,-1.47,0.11,-0.28,32.41,-233.31,223.72,0,0,17861.0
56819,-1.22,0.04,-0.28,16.10,-215.95,193.69,0,0,17868.0
56827,-0.97,0.01,-0.19,0.28,-192.92,155.19,0,0,17876.0
56835,-0.68,-0.02,-0.13,-21.21,-153.23,113.05,0,0,17884.0
56843,-0.57,-0.10,-0.06,-45.99,-117.04,69.79,0,0,17892.0
56850,-0.52,-0.13,0.13,-61.53,-73.01,25.41,0,0,17899.0
56858,-0.53,-0.04,0.31,-64.12,-25.69,-18.69,0,0,17907.0
56866,-0.48,-0.11,0.15,-76.72,17.85,-59.71,0,0,17915.0
56874,-0.44,-0.27,-0.11,-80.36,57.19,-114.45,0,0,17923.0
56881,-0.45,-0.54,-0.44,-69.72,92.82,-140.56,0,0,17930.0
56889,-0.59,-0.63,-0.58,-48.58,117.39,-164.15,0,0,17938.0
56897,-1.46,-0.53,-0.86,-9.03,130.13,-163.38,0,0,17946.0
56905,-1.67,-0.03,-0.53,114.94,109.41,-125.51,0,15,17954.0
56913,-2.44,0.90,0.39,193.83,83.86,-67.48,0,49,17962.0
56921,-2.89,0.79,0.34,216.16,75.53,-22.96,0,52,17970.0
56928,-2.16,0.05,0.22,228.76,97.93,-74.55,0,68,17977.0
56936,-1.48,-0.05,-0.43,172.62,118.72,-150.22,0,52,17985.0
56944,-1.84,0.79,-0.66,78.33,135.66,-154.84,0,49,17993.0
56952,-1.83,0.78,-0.97,21.84,130.27,-158.97,0,63,18001.0
56960,-1.40,0.50,-1.35,-6.93,137.76,-169.26,0,45,18009.0
56967,-1.00,-0.20,-1.49,39.13,144.48,-177.45,0,41,18016.0
56975,-0.71,-0.99,-1.27,66.22,136.85,-179.97,0,34,18024.0
56983,-0.58,-1.37,-0.89,51.10,119.56,-170.03,0,39,18032.0
56991,-0.58,-1.58,-0.78,-10.99,102.97,-137.20,0,57,18040.0
56998,-0.73,-1.50,-0.62,-47.32,87.64,-113.68,0,35,18047.0
57006,-0.94,-1.38,-0.49,-43.68,76.58,-97.79,0,34,18055.0
57014,-1.05,-1.28,-0.35,-14.00,71.19,-90.02,0,33,18063.0
57023,-1.14,-1.21,-0.13,-3.29,66.64,-75.39,0,27,18072.0
57030,-1.14,-1.06,-0.13,1.05,62.37,-58.03,0,28,18079.0
57038,-1.12,-0.87,-0.19,6.44,58.73,-44.10,0,20,18087.0
57046,-1.11,-0.67,-0.18,14.14,52.22,-38.50,0,19,18095.0
57054,-1.14,-0.42,-0.13,20.65,46.06,-36.33,0,13,18103.0
57062,-1.11,-0.26,-0.16,16.73,41.09,-33.32,0,10,18111.0
57069,-1.11,-0.10,-0.21,-6.58,37.87,-28.49,0,12,18118.0
57077,-1.09,0.08,-0.24,-28.91,36.26,-25.69,0,5,18126.0
57085,-1.08,0.15,-0.17,-46.20,34.51,-25.48,0,2,18134.0
57093,-1.06,-0.02,-0.13,-59.78,33.32,-23.45,0,0,18142.0
57101,-1.08,-0.17,-0.09,-67.06,31.99,-21.70,0,2,18150.0
57109,-1.06,-0.26,-0.05,-64.26,31.22,-20.51,0,1,18158.0
57116,-1.03,-0.26,0.01,-55.79,30.59,-20.09,0,0,18165.0
57124,-0.98,-0.24,0.02,-46.76,29.54,-19.39,0,1,18173.0
57132,-0.97,-0.20,0.06,-44.38,28.91,-17.01,0,0,18181.0
57139,-0.97,-0.11,0.10,-45.64,29.19,-15.26,0,0,18188.0
57148,-0.97,-0.04,0.07,-47.60,29.68,-15.19,0,0,18197.0
57156,-0.96,-0.04,0.05,-47.60,30.52,-17.50,0,0,18205.0
57163,-0.96,-0.05,0.04,-45.50,31.50,-20.16,0,0,18212.0
57171,-0.97,-0.06,0.02,-44.80,32.55,-20.79,2,0,18220.0
57179,-0.97,-0.03,0.03,-45.78,33.81,-21.42,3,0,18228.0
57187,-0.97,-0.02,0.05,-46.55,34.65,-22.89,3,0,18236.0
57195,-0.97,0.02,0.03,-47.67,35.63,-23.87,3,0,18244.0
57202,-0.97,0.12,0.04,-51.80,36.89,-26.60,5,0,18251.0
57210,-1.04,-0.01,0.03,-52.22,37.73,-28.70,8,0,18259.0
57218,-1.00,0.00,0.01,-51.31,40.18,-30.24,9,0,18267.0
57225,-1.02,-0.04,0.01,-52.92,41.02,-31.22,11,0,18274.0
57233,-1.03,-0.09,0.01,-55.02,42.42,-28.77,16,0,18282.0
57241,-1.07,-0.06,0.04,-51.24,44.38,-29.12,20,0,18290.0
57249,-1.12,-0.00,0.10,-48.37,47.60,-33.11,20,0,18298.0
57256,-1.12,0.03,0.18,-44.45,50.40,-32.76,25,0,18305.0
57264,-1.08,0.08,0.32,-37.80,54.88,-32.41,27,0,18313.0
57272,-1.00,0.20,0.45,-32.48,62.23,-37.66,28,0,18321.0
57279,-0.95,0.35,0.55,-27.79,69.79,-43.89,34,0,18328.0
57287,-0.93,0.50,0.64,-23.24,77.35,-51.87,34,0,18336.0
57295,-0.94,0.53,0.70,-22.89,88.69,-59.36,36,1,18344.0
57303,-0.98,0.45,0.72,-17.36,98.77,-66.57,39,0,18352.0
57310,-1.01,0.48,0.70,-14.14,108.92,-73.01,39,0,18359.0
57318,-1.10,0.58,0.61,-9.52,116.76,-79.38,39,0,18367.0
57326,-1.24,0.52,0.50,-4.48,124.18,-87.36,41,0,18375.0
57333,-1.26,0.54,0.39,-3.29,133.28,-94.15,44,0,18382.0
57341,-1.25,0.60,0.38,-3.08,142.03,-99.40,50,0,18390.0
57349,-1.28,0.56,0.36,-1.26,150.85,-103.81,51,0,18398.0
57357,-1.37,0.52,0.34,0.98,158.83,-107.80,55,0,18406.0
57364,-1.45,0.58,0.35,2.24,165.83,-112.49,55,0,18413.0
57372,-1.51,0.72,0.37,-1.40,171.29,-117.18,52,0,18421.0
57380,-1.52,0.87,0.43,-11.27,176.40,-122.36,46,0,18429.0
57387,-1.52,0.84,0.52,-19.39,179.27,-126.49,40,0,18436.0
57395,-1.59,0.76,0.66,-28.91,180.81,-128.45,42,0,18444.0
57403,-1.68,0.70,0.85,-34.58,179.90,-129.57,49,0,18452.0
57411,-1.80,0.92,1.23,-29.96,174.09,-135.17,47,0,18460.0
57418,-1.89,1.12,1.18,-21.21,166.60,-147.35,44,0,18467.0
57426,-1.90,0.72,0.99,-12.39,165.20,-168.49,27,0,18475.0
57434,-1.74,0.12,0.79,-11.62,174.02,-184.24,9,0,18483.0
57442,-1.79,-0.13,0.60,-11.55,197.47,-186.97,2,0,18491.0
57450,-1.87,-0.33,0.85,-19.60,212.03,-182.21,3,0,18499.0
57457,-2.06,-0.64,0.12,-44.38,203.98,-161.63,4,0,18506.0
57465,-2.27,-0.71,-0.04,-54.53,188.65,-132.44,4,0,18514.0
57473,-2.09,-0.89,-0.21,-50.54,171.36,-91.63,0,0,18522.0
57481,-1.61,-1.42,-0.58,-41.16,155.33,-70.07,0,1,18530.0
57489,-1.03,-1.61,-1.08,-38.22,128.24,-62.65,0,0,18538.0
57497,-1.00,-1.15,-0.93,-1.47,94.43,-53.62,0,0,18546.0
57505,-1.35,-0.69,-0.70,55.93,57.40,-37.45,0,0,18554.0
57513,-1.43,-0.77,-0.53,101.57,19.11,-18.55,0,0,18562.0
57520,-1.28,-0.94,-0.46,128.24,-13.93,-0.70,0,0,18569.0
57529,-0.86,-1.05,-0.40,134.26,-51.87,22.82,0,0,18578.0
57537,-0.64,-0.97,-0.36,122.15,-76.44,44.10,0,0,18586.0
57544,-0.46,-0.79,-0.35,92.61,-100.24,67.90,0,0,18593.0
57552,-0.35,-0.59,-0.35,67.69,-123.34,89.11,0,0,18601.0
57560,-0.33,-0.46,-0.39,47.04,-145.46,106.47,0,0,18609.0
57568,-0.35,-0.35,-0.43,33.53,-165.69,123.69,0,0,18617.0
57576,-0.36,-0.34,-0.45,18.13,-183.40,137.06,0,0,18625.0
57584,-0.34,-0.38,-0.45,1.89,-203.91,151.90,0,0,18633.0
57591,-0.32,-0.38,-0.43,-22.40,-219.38,167.16,0,0,18640.0
57599,-0.30,-0.39,-0.43,-40.25,-234.29,182.21,0,0,18648.0
57607,-0.30,-0.40,-0.43,-54.67,-247.94,194.46,0,0,18656.0
57615,-0.34,-0.40,-0.44,-65.66,-259.63,206.92,0,0,18664.0
57623,-0.35,-0.43,-0.50,-73.36,-271.32,214.13,1,0,18672.0
57631,-0.40,-0.48,-0.52,-76.44,-285.39,219.17,0,0,18680.0
57639,-0.36,-0.56,-0.53,-70.00,-295.33,229.25,0,0,18688.0
57647,-0.48,-0.55,-0.59,-48.23,-306.25,226.59,0,0,18696.0
57655,-0.58,-0.65,-0.67,-12.81,-314.93,221.27,0,0,18704.0
57663,-0.49,-0.63,-0.64,16.80,-320.25,222.46,0,0,18712.0
57670,-0.49,-0.78,-0.65,35.56,-323.19,232.12,0,0,18719.0
57678,-0.58,-0.76,-0.66,55.58,-329.00,241.08,0,0,18727.0
57686,-0.63,-0.50,-0.66,73.57,-332.85,240.94,0,0,18735.0
57694,-0.74,-0.38,-0.53,85.26,-332.01,243.53,0,0,18743.0
57702,-0.80,-0.29,-0.37,88.34,-328.86,245.35,0,0,18751.0
57709,-0.84,-0.26,-0.23,73.36,-320.32,251.09,0,0,18758.0
57717,-0.88,-0.36,-0.16,56.63,-311.78,263.41,0,0,18766.0
57725,-0.95,-0.33,-0.14,28.49,-298.83,265.58,0,0,18774.0
57733,-1.19,-0.28,-0.15,-3.01,-280.21,262.71,0,0,18782.0
57741,-1.43,-0.11,-0.17,-39.69,-267.19,250.88,0,0,18790.0
57749,-1.63,-0.02,-0.33,-57.19,-256.06,229.39,0,0,18798.0
57757,-1.65,-0.14,-0.40,-60.20,-246.82,199.85,0,0,18806.0
57765,-1.42,-0.41,-0.38,-47.32,-233.03,177.31,0,0,18814.0
57773,-1.07,-0.56,-0.39,-27.72,-207.20,148.68,0,0,18822.0
57781,-0.90,-0.63,-0.36,-3.22,-182.91,117.60,0,0,18830.0
57789,-0.85,-0.52,-0.26,17.36,-154.14,80.43,0,0,18838.0
57796,-0.79,-0.29,-0.09,30.59,-118.86,45.01,0,0,18845.0
57804,-0.72,0.18,0.10,29.75,-77.70,-3.29,0,0,18853.0
57812,-0.63,0.18,0.12,15.05,-35.00,-39.13,0,0,18861.0
57820,-0.51,0.00,0.02,-0.70,24.64,-73.29,0,0,18869.0
57827,-0.54,-0.25,-0.16,0.56,57.47,-104.72,0,0,18876.0
57835,-0.60,-0.48,-0.36,12.60,90.79,-132.51,0,1,18884.0
57843,-0.67,-0.65,-0.54,41.30,115.36,-158.13,0,0,18892.0
57851,-1.19,-0.66,-0.58,84.07,125.86,-171.29,0,0,18900.0
57858,-1.64,-0.38,-0.60,145.81,124.25,-158.06,0,0,18907.0
57866,-1.85,0.30,-0.15,240.80,102.34,-106.82,0,23,18915.0
57874,-2.55,1.13,0.02,286.58,85.68,-26.60,0,34,18923.0
57882,-2.54,1.01,0.15,296.17,90.02,-39.76,1,37,18931.0
57889,-1.73,0.41,0.24,283.71,108.01,-126.21,0,50,18938.0
57897,-1.60,0.53,-0.24,215.39,124.11,-156.59,0,44,18946.0
57905,-1.73,0.26,-0.66,120.89,121.45,-161.35,0,61,18954.0
57912,-1.46,0.43,-0.97,54.81,117.67,-167.51,0,62,18961.0
57920,-1.04,0.42,-1.13,53.55,129.43,-178.22,0,51,18969.0
57928,-1.03,-0.41,-1.14,80.36,140.70,-191.73,0,57,18977.0
57936,-1.10,-1.30,-1.28,88.41,137.62,-198.10,0,38,18985.0
57943,-0.99,-1.45,-1.25,57.96,131.32,-161.98,0,29,18992.0
57951,-0.96,-0.99,-0.97,2.17,110.25,-147.56,0,42,19000.0
57959,-0.87,-0.70,-0.62,-85.47,84.14,-122.15,0,24,19008.0
57967,-0.82,-0.68,-0.54,-137.13,77.35,-101.78,0,30,19016.0
57975,-0.87,-0.93,-0.49,-118.79,73.29,-87.43,0,28,19024.0
57983,-0.97,-1.48,-0.39,-81.48,72.38,-75.67,0,21,19032.0
57991,-1.13,-1.65,-0.36,-26.46,66.85,-59.36,0,21,19040.0
57999,-1.26,-1.36,-0.33,26.25,60.97,-52.15,2,26,19048.0
58007,-1.24,-0.90,-0.27,62.44,54.74,-48.65,3,5,19056.0
58014,-1.20,-0.47,-0.23,77.28,49.49,-47.60,5,15,19063.0
58022,-1.13,-0.18,-0.22,51.17,45.43,-41.72,5,0,19071.0
58030,-1.07,0.05,-0.11,2.66,41.93,-33.11,5,0,19079.0
58038,-1.01,0.22,-0.03,-45.08,38.36,-26.95,9,0,19087.0
58046,-1.01,0.12,0.01,-73.78,35.63,-26.67,6,1,19095.0
58053,-1.04,-0.22,0.01,-80.43,33.88,-26.18,12,0,19102.0
58061,-1.06,-0.45,0.02,-70.70,32.83,-25.55,13,0,19110.0
58069,-1.10,-0.48,0.01,-51.10,31.78,-24.64,15,0,19118.0
58077,-1.07,-0.34,0.06,-37.94,31.92,-22.96,16,1,19126.0
58085,-1.03,-0.13,0.06,-32.06,30.87,-21.84,19,0,19134.0
58092,-1.01,0.02,0.03,-36.40,30.45,-21.14,21,0,19141.0
58100,-0.99,0.10,0.03,-45.71,30.45,-23.03,23,0,19149.0
58108,-0.98,0.05,0.03,-52.57,31.08,-24.64,26,0,19157.0
58116,-0.99,-0.01,-0.00,-54.95,32.20,-25.20,25,0,19165.0
58123,-1.00,-0.05,-0.01,-54.81,33.39,-26.18,28,0,19172.0
58131,-0.98,-0.04,0.03,-55.65,34.86,-26.88,29,0,19180.0
58139,-0.98,-0.02,0.05,-53.90,35.84,-28.49,32,0,19188.0
58147,-0.98,-0.03,0.08,-54.88,37.24,-29.68,31,0,19196.0
58155,-0.96,0.01,0.11,-56.07,38.99,-31.43,29,0,19204.0
58162,-0.94,0.02,0.15,-59.08,40.88,-34.72,30,0,19211.0
58170,-0.93,-0.01,0.16,-61.67,42.98,-35.49,35,0,19219.0
58178,-0.96,-0.02,0.14,-60.62,46.34,-37.59,32,0,19227.0
58186,-0.95,-0.03,0.13,-58.52,49.84,-39.27,37,0,19235.0
58194,-0.96,-0.01,0.18,-55.93,54.46,-40.18,39,0,19243.0
58201,-0.99,0.01,0.20,-53.13,59.92,-41.16,38,0,19250.0
58209,-1.05,0.09,0.28,-52.50,65.52,-42.63,43,0,19258.0
58217,-1.07,0.23,0.34,-53.34,71.26,-45.64,39,0,19266.0
58225,-1.06,0.33,0.41,-55.65,77.77,-52.99,43,0,19274.0
58232,-1.04,0.33,0.47,-54.53,84.42,-58.52,46,0,19281.0
58240,-1.01,0.33,0.52,-50.82,94.92,-63.98,46,0,19289.0
58248,-1.03,0.35,0.53,-45.64,102.76,-69.93,56,1,19297.0
58256,-1.06,0.36,0.49,-35.21,110.60,-76.58,47,0,19305.0
58263,-1.08,0.41,0.45,-30.31,118.51,-82.74,39,0,19312.0
58271,-1.12,0.44,0.36,-22.96,125.72,-88.97,42,0,19320.0
58279,-1.15,0.42,0.32,-15.82,133.49,-94.22,43,0,19328.0
58286,-1.14,0.42,0.32,-7.70,141.68,-98.07,40,0,19335.0
58294,-1.19,0.44,0.33,0.35,149.87,-101.08,45,0,19343.0
58302,-1.24,0.57,0.35,4.34,157.08,-107.10,56,0,19351.0
58309,-1.25,0.67,0.38,4.27,163.66,-113.54,49,0,19358.0
58317,-1.25,0.73,0.44,0.14,169.26,-120.54,51,0,19366.0
58324,-1.28,0.80,0.52,-8.54,174.30,-127.40,50,0,19373.0
58332,-1.32,0.83,0.63,-18.41,196.63,-134.54,47,0,19381.0
58340,-1.43,0.82,0.70,-27.23,182.00,-141.40,46,0,19389.0
58348,-1.54,0.73,0.81,-33.11,182.84,-147.63,39,0,19397.0
58355,-1.67,0.58,0.87,-41.51,180.81,-149.59,38,0,19404.0
58363,-1.84,0.53,0.99,-34.37,174.93,-152.53,35,0,19412.0
58371,-1.96,0.74,0.66,-29.68,171.57,-160.44,24,0,19420.0
58379,-1.87,0.57,0.55,-25.97,177.94,-176.26,7,0,19428.0
58386,-1.83,0.23,0.50,-24.78,188.44,-185.50,7,0,19435.0
58394,-1.89,-0.24,0.51,-34.30,200.90,-181.58,2,0,19443.0
58402,-1.93,-0.45,0.31,-46.76,199.99,-166.88,4,0,19451.0
58410,-2.07,-0.75,-0.15,-69.86,187.88,-137.97,3,1,19459.0
58417,-1.95,-0.77,-0.16,-71.19,174.02,-107.31,5,0,19466.0
58425,-1.62,-0.95,-0.38,-63.28,159.11,-81.13,2,0,19474.0
58433,-1.32,-1.33,-0.87,-59.43,141.40,-65.73,0,0,19482.0
58441,-1.13,-1.12,-0.87,-40.60,115.57,-44.31,0,0,19490.0
58449,-1.59,-0.80,-0.78,7.84,71.12,-18.20,0,0,19498.0
58457,-1.61,-0.77,-0.83,50.61,32.55,5.88,0,0,19506.0
58464,-1.49,-1.03,-0.82,92.12,-5.18,22.54,0,0,19513.0
58472,-1.15,-1.07,-0.72,131.32,-31.57,35.14,0,0,19521.0
58480,-0.86,-0.98,-0.67,127.75,-56.42,54.11,0,0,19529.0
58488,-0.61,-0.77,-0.59,112.28,-80.01,75.60,0,0,19537.0
58496,-0.45,-0.55,-0.56,91.35,-102.55,104.86,0,0,19545.0
58504,-0.40,-0.49,-0.56,70.07,-143.15,123.27,0,0,19553.0
58511,-0.42,-0.45,-0.57,54.53,-155.05,138.18,0,0,19560.0
58519,-0.42,-0.47,-0.60,39.20,-176.33,150.57,0,0,19568.0
58527,-0.41,-0.47,-0.61,27.58,-195.16,161.21,0,0,19576.0
58535,-0.39,-0.40,-0.60,13.02,-212.80,173.11,0,0,19584.0
58543,-0.36,-0.29,-0.58,-5.60,-229.39,185.57,0,0,19592.0
58551,-0.35,-0.17,-0.57,-28.70,-244.93,200.48,0,0,19600.0
58559,-0.38,-0.14,-0.56,-53.48,-264.25,208.81,0,0,19608.0
58567,-0.40,-0.14,-0.57,-85.19,-277.27,213.64,0,0,19616.0
58575,-0.40,-0.16,-0.58,-105.14,-289.73,217.56,0,0,19624.0
58583,-0.43,-0.22,-0.60,-117.95,-301.56,219.66,0,0,19632.0
58591,-0.47,-0.40,-0.62,-119.00,-312.48,219.66,0,1,19640.0
58599,-0.50,-0.52,-0.61,-105.91,-323.96,220.15,0,0,19648.0
58607,-0.52,-0.60,-0.63,-73.15,-330.82,221.41,0,0,19656.0
58615,-0.55,-0.64,-0.65,-44.80,-336.91,223.72,0,0,19664.0
58623,-0.59,-0.59,-0.63,-18.69,-341.39,229.53,0,0,19672.0
58631,-0.66,-0.50,-0.60,-0.28,-343.84,235.13,0,0,19680.0
58639,-0.73,-0.43,-0.54,20.79,-343.63,239.47,0,0,19688.0
58647,-0.79,-0.40,-0.49,41.65,-340.97,245.56,0,0,19696.0
58655,-0.86,-0.40,-0.36,52.57,-335.16,252.70,0,0,19704.0
58662,-0.90,-0.37,-0.22,61.39,-324.24,260.82,0,0,19711.0
58670,-0.93,-0.37,-0.10,65.87,-309.12,264.18,0,0,19719.0
58678,-1.02,-0.34,-0.06,64.96,-284.97,263.69,0,0,19727.0
58686,-1.15,-0.31,-0.08,59.71,-267.33,258.23,0,0,19735.0
58694,-1.33,-0.26,-0.18,52.43,-252.28,246.54,0,0,19743.0
58701,-1.44,-0.16,-0.33,51.03,-239.05,225.96,0,0,19750.0
58709,-1.36,-0.08,-0.40,46.06,-224.70,200.34,0,0,19758.0
58717,-1.15,-0.06,-0.38,31.71,-208.18,174.02,0,0,19766.0
58725,-0.92,-0.08,-0.31,11.62,-186.76,133.07,0,0,19774.0
58733,-0.70,-0.14,-0.20,-12.18,-149.38,99.19,0,0,19782.0
58741,-0.65,-0.12,-0.07,-33.67,-113.68,63.56,0,0,19790.0
58748,-0.66,-0.08,0.07,-58.03,-72.80,25.13,0,0,19797.0
58756,-0.65,-0.06,0.14,-72.66,-31.50,-13.02,0,0,19805.0
58764,-0.61,-0.18,-0.00,-78.05,8.05,-48.23,0,0,19813.0
58772,-0.56,-0.47,-0.22,-66.08,45.15,-92.12,0,0,19821.0
58781,-0.55,-0.69,-0.45,-23.73,89.11,-121.66,0,0,19830.0
58788,-0.88,-0.72,-0.47,3.08,110.18,-143.64,0,0,19837.0
58796,-1.40,-0.54,-0.73,43.61,125.23,-149.17,0,0,19845.0
58804,-1.53,-0.21,-0.40,117.67,121.45,-133.84,0,13,19853.0
58812,-2.24,0.88,0.37,235.20,101.99,-74.83,0,41,19861.0
58819,-2.77,1.29,0.29,248.50,90.23,-41.86,3,49,19868.0
58827,-2.66,0.40,0.50,257.60,110.46,-102.48,0,54,19876.0
58835,-1.67,-0.08,-0.11,237.09,137.69,-170.73,0,50,19884.0
58844,-1.69,0.41,-0.56,123.06,144.83,-174.09,0,45,19893.0
58851,-1.55,0.22,-1.02,47.11,135.87,-176.68,0,60,19900.0
58859,-1.25,0.26,-1.44,16.10,132.30,-187.39,0,35,19908.0
58867,-0.85,-0.19,-1.59,44.87,145.88,-187.04,0,30,19916.0
58875,-0.61,-1.21,-1.35,113.33,136.85,-187.74,0,30,19924.0
58882,-0.40,-1.91,-1.08,117.04,121.38,-184.31,0,30,19931.0
58890,-0.60,-1.84,-1.04,60.13,98.84,-162.89,0,28,19939.0
58898,-0.93,-1.30,-0.83,-10.92,79.24,-133.28,0,39,19947.0
58906,-1.13,-0.80,-0.67,-55.37,71.33,-99.05,1,33,19955.0
58914,-1.20,-0.69,-0.37,-64.54,65.31,-84.00,0,39,19963.0
58922,-1.24,-1.08,-0.27,-61.95,64.05,-73.57,0,28,19971.0
58930,-1.18,-1.36,-0.35,-26.60,60.48,-67.83,0,25,19979.0
58938,-1.23,-1.28,-0.40,17.78,56.07,-61.32,1,11,19987.0
58946,-1.20,-1.00,-0.21,55.72,51.03,-52.92,3,7,19995.0
58953,-1.16,-0.68,-0.25,62.09,47.18,-45.08,3,2,20002.0
58961,-1.17,-0.19,-0.26,34.37,43.82,-32.34,8,0,20010.0
58969,-1.13,0.16,-0.16,-5.25,39.69,-26.60,5,0,20018.0
58977,-1.07,0.14,-0.07,-41.79,34.23,-24.36,7,0,20026.0
58984,-1.11,-0.09,-0.06,-60.76,30.45,-24.78,13,0,20033.0
58992,-1.07,-0.39,-0.05,-59.36,28.98,-21.14,12,0,20041.0
59000,-1.07,-0.49,-0.02,-46.41,28.56,-17.85,13,0,20049.0
59008,-1.08,-0.20,0.05,-39.27,27.93,-14.56,16,1,20057.0
59016,-1.07,-0.02,0.13,-38.78,27.30,-12.32,20,0,20065.0
59024,-1.04,0.09,0.12,-50.47,28.00,-12.25,21,0,20073.0
59033,-1.02,0.11,0.08,-58.17,28.07,-14.91,22,0,20082.0
59040,-1.01,0.06,0.04,-59.36,28.84,-17.29,24,0,20089.0
59048,-0.98,-0.12,-0.00,-56.00,29.40,-18.27,27,0,20097.0
59057,-0.96,-0.06,-0.04,-46.20,30.73,-19.74,26,0,20106.0
59065,-0.93,-0.06,-0.08,-41.72,32.13,-19.95,26,0,20114.0
59073,-0.90,0.01,-0.05,-41.72,33.67,-22.12,27,0,20122.0
59081,-0.90,0.08,-0.02,-43.68,34.58,-23.87,28,0,20130.0
59089,-0.93,0.06,0.02,-46.83,35.42,-25.83,30,0,20138.0
59097,-0.96,0.05,0.05,-46.48,36.82,-28.42,30,0,20146.0
59105,-0.94,-0.03,0.09,-47.04,38.92,-29.54,33,0,20154.0
59113,-0.95,-0.03,0.10,-47.67,41.02,-32.48,36,0,20162.0
59120,-0.94,0.03,0.10,-49.00,43.47,-34.72,37,0,20169.0
59128,-0.91,0.05,0.12,-52.22,45.99,-36.47,32,0,20177.0
59136,-0.92,0.05,0.17,-55.30,50.61,-37.38,36,0,20185.0
59143,-0.96,0.02,0.24,-55.02,55.65,-39.69,33,0,20192.0
59151,-1.02,0.03,0.28,-51.38,61.18,-41.93,33,0,20200.0
59159,-1.02,0.09,0.33,-45.85,66.99,-43.54,38,0,20208.0
59167,-1.00,0.17,0.38,-42.98,72.94,-46.83,39,0,20216.0
59174,-1.00,0.23,0.44,-37.87,78.89,-51.87,40,0,20223.0
59182,-1.00,0.24,0.51,-34.44,86.17,-56.21,35,0,20231.0
59190,-1.00,0.28,0.54,-29.33,93.94,-61.67,39,0,20239.0
59197,-0.99,0.33,0.56,-25.06,101.85,-69.23,40,0,20246.0
59205,-0.97,0.40,0.56,-21.42,110.04,-75.67,46,0,20254.0
59212,-1.00,0.47,0.53,-17.78,117.95,-82.74,49,0,20261.0
59220,-1.03,0.52,0.51,-15.47,126.84,-89.46,53,0,20269.0
59228,-1.04,0.57,0.49,-10.78,139.44,-96.95,54,0,20277.0
59236,-1.05,0.54,0.48,-4.90,149.45,-102.27,48,0,20285.0
59243,-1.15,0.50,0.40,2.80,158.55,-106.61,56,0,20292.0
59251,-1.28,0.54,0.32,7.56,166.46,-111.65,58,0,20300.0
59259,-1.39,0.60,0.26,6.51,172.69,-117.04,53,0,20308.0
59266,-1.45,0.68,0.24,-0.42,177.31,-122.64,50,0,20315.0
59274,-1.46,0.79,0.27,-12.88,180.53,-127.54,39,0,20323.0
59282,-1.48,0.92,0.37,-25.41,182.63,-136.43,42,0,20331.0
59290,-1.53,0.91,0.47,-35.56,183.82,-141.19,43,0,20339.0
59298,-1.61,0.88,0.64,-40.46,182.42,-145.60,42,0,20347.0
59305,-1.65,0.77,0.77,-42.07,180.25,-142.87,41,0,20354.0
59313,-1.81,0.62,0.69,-26.88,172.69,-145.39,39,0,20362.0
59321,-1.90,0.78,0.72,-17.57,170.17,-156.17,28,0,20370.0
59329,-1.82,0.59,0.64,-9.73,179.20,-171.22,9,0,20378.0
59336,-1.84,0.08,0.65,1.26,194.88,-181.58,3,0,20385.0
59344,-1.92,-0.74,0.47,-4.55,207.69,-177.80,3,0,20393.0
59352,-2.14,-1.05,0.05,-14.70,205.59,-161.56,5,0,20401.0
59360,-2.32,-0.92,-0.11,-13.86,194.04,-138.11,8,0,20409.0
59368,-2.13,-0.98,-0.27,-3.71,175.98,-108.71,2,0,20417.0
59376,-1.85,-1.13,-0.75,9.66,152.88,-84.00,0,0,20425.0
59383,-1.57,-1.18,-1.01,15.33,129.92,-70.28,0,0,20432.0
59392,-1.25,-0.86,-0.93,21.70,103.25,-59.08,0,0,20441.0
59399,-1.41,-0.58,-0.75,38.22,62.02,-38.22,0,0,20448.0
59407,-1.48,-0.53,-0.63,45.29,27.86,-15.40,0,0,20456.0
59415,-1.33,-0.67,-0.57,43.61,-4.90,0.21,0,0,20464.0
59423,-1.01,-0.86,-0.57,36.26,-34.02,17.15,0,0,20472.0
59431,-0.74,-0.87,-0.56,25.76,-59.15,35.70,0,0,20480.0
59439,-0.53,-0.80,-0.54,9.03,-82.67,64.12,0,0,20488.0
59446,-0.40,-0.68,-0.50,-9.03,-123.90,83.72,0,0,20495.0
59454,-0.37,-0.59,-0.50,-21.35,-137.27,100.59,0,1,20503.0
59462,-0.37,-0.53,-0.47,-25.69,-158.76,116.13,0,0,20511.0
59470,-0.38,-0.55,-0.49,-24.57,-178.92,129.36,0,0,20519.0
59478,-0.36,-0.59,-0.52,-21.00,-196.35,141.54,0,0,20527.0
59486,-0.33,-0.59,-0.52,-17.64,-212.59,155.89,0,0,20535.0
59494,-0.28,-0.59,-0.52,-13.51,-232.61,165.13,0,0,20543.0
59502,-0.26,-0.54,-0.50,-9.66,-246.05,174.23,0,0,20551.0
59510,-0.26,-0.47,-0.49,-7.91,-258.86,182.84,1,1,20559.0
59518,-0.30,-0.43,-0.49,-7.07,-270.97,192.71,1,0,20567.0
59526,-0.31,-0.42,-0.51,-8.19,-282.10,200.41,0,0,20575.0
59535,-0.32,-0.39,-0.53,-10.64,-294.91,207.83,0,0,20584.0
59544,-0.37,-0.40,-0.54,-10.29,-306.88,216.79,0,0,20593.0
59552,-0.42,-0.43,-0.57,-6.16,-314.23,222.60,0,0,20601.0
59560,-0.47,-0.45,-0.57,-2.52,-321.02,226.24,0,0,20609.0
59568,-0.51,-0.49,-0.57,2.80,-326.97,232.05,0,0,20617.0
59575,-0.56,-0.49,-0.56,10.08,-331.52,238.98,0,0,20624.0
59583,-0.60,-0.45,-0.53,15.75,-334.81,244.86,0,0,20632.0
59591,-0.68,-0.38,-0.46,16.80,-336.28,250.81,0,1,20640.0
59599,-0.76,-0.37,-0.38,13.23,-335.51,257.18,0,0,20648.0
59607,-0.85,-0.34,-0.31,7.42,-332.85,259.91,0,0,20656.0
59615,-0.93,-0.31,-0.21,-2.80,-326.06,261.38,0,0,20664.0
59623,-0.98,-0.31,-0.14,-12.81,-316.12,260.54,0,0,20672.0
59631,-1.07,-0.31,-0.11,-24.92,-300.37,257.04,0,0,20680.0
59639,-1.26,-0.29,-0.09,-42.07,-286.79,250.18,0,0,20688.0
59647,-1.45,-0.30,-0.12,-54.18,-272.23,239.19,0,0,20696.0
59655,-1.62,-0.36,-0.11,-54.11,-257.11,225.26,0,0,20704.0
59663,-1.61,-0.33,-0.30,-42.07,-243.53,205.73,0,0,20712.0
59671,-1.34,-0.16,-0.43,-30.38,-224.84,185.92,0,0,20720.0
59679,-1.06,-0.12,-0.46,-25.06,-206.64,156.87,0,0,20728.0
59687,-0.92,-0.28,-0.41,-23.17,-183.47,119.21,0,0,20736.0
59695,-0.82,-0.25,-0.25,-20.79,-153.72,69.37,0,0,20744.0
59703,-0.78,0.12,0.01,-22.68,-98.49,32.69,0,0,20752.0
59710,-0.74,0.20,0.13,-31.57,-62.09,-3.15,0,0,20759.0
59718,-0.68,-0.01,0.09,-40.46,-22.05,-37.94,0,0,20767.0
59726,-0.65,-0.24,-0.00,-37.80,16.17,-71.26,0,0,20775.0
59734,-0.66,-0.39,-0.21,-26.18,52.15,-100.66,0,0,20783.0
59742,-0.66,-0.52,-0.41,-6.44,84.00,-127.54,0,0,20791.0
59750,-0.66,-0.68,-0.54,18.41,113.40,-160.58,0,0,20799.0
59758,-0.74,-0.74,-0.70,46.76,139.65,-183.19,0,0,20807.0
59765,-1.16,-0.82,-0.73,71.12,138.53,-188.65,0,0,20814.0
59773,-1.67,-0.35,-0.63,154.56,125.23,-164.36,0,0,20822.0
59781,-1.77,0.48,0.18,223.86,95.20,-100.59,0,15,20830.0
59789,-2.34,1.06,0.29,261.80,70.42,-25.55,0,26,20838.0
59796,-2.51,1.28,0.31,274.12,73.64,12.81,0,40,20845.0
59804,-1.69,0.02,0.31,278.81,90.02,-52.64,0,41,20853.0
59812,-1.14,0.37,-0.30,238.56,102.97,-137.55,0,58,20861.0
59819,-1.55,0.52,-0.50,146.44,115.43,-140.77,0,114,20868.0
59827,-1.73,0.46,-0.88,113.05,110.60,-151.48,0,57,20876.0
59835,-1.18,0.48,-1.10,118.44,115.08,-161.70,0,35,20884.0
59843,-0.93,-0.11,-0.98,153.72,116.90,-174.02,0,32,20892.0
59851,-0.93,-0.96,-0.85,143.29,118.58,-180.46,0,32,20900.0
59858,-0.99,-1.31,-0.91,88.27,115.36,-169.33,0,32,20907.0
59866,-1.08,-0.84,-0.92,22.61,105.84,-140.63,0,30,20915.0
59874,-1.07,-0.41,-0.64,-55.44,91.49,-116.76,0,29,20923.0
59882,-0.96,-0.35,-0.53,-108.29,75.53,-105.21,0,49,20931.0
59890,-0.91,-0.54,-0.55,-120.12,73.99,-95.41,0,60,20939.0
59898,-0.91,-0.97,-0.46,-86.17,72.38,-85.05,0,47,20947.0
59906,-0.98,-1.32,-0.38,-52.50,68.95,-70.07,0,64,20955.0
59914,-1.12,-1.41,-0.38,-4.48,62.72,-56.28,0,61,20963.0
59922,-1.24,-1.11,-0.32,40.53,57.33,-52.50,0,46,20971.0
59929,-1.22,-0.68,-0.25,69.37,50.47,-50.19,0,28,20978.0
59937,-1.15,-0.32,-0.22,55.58,44.80,-46.83,2,3,20986.0
59945,-1.08,-0.08,-0.22,37.24,41.02,-41.02,3,0,20994.0
59953,-1.04,0.09,-0.14,-5.67,38.22,-32.97,4,0,21002.0
59961,-1.01,0.00,-0.07,-47.46,34.86,-27.65,4,0,21010.0
59969,-1.05,-0.02,-0.00,-75.60,32.41,-28.14,8,0,21018.0
59977,-1.09,-0.23,0.02,-86.80,30.03,-27.30,6,0,21026.0
59984,-1.06,-0.39,0.02,-83.51,28.98,-25.76,9,0,21033.0
59992,-1.03,-0.45,0.02,-61.18,27.79,-24.92,11,0,21041.0
60001,-1.01,-0.40,0.01,-46.20,26.88,-22.75,12,0,21050.0
60008,-0.98,-0.19,0.03,-43.54,27.30,-18.90,13,0,21057.0
60016,-0.98,-0.06,0.02,-41.79,26.60,-17.50,14,0,21065.0
60024,-1.00,0.03,0.02,-46.06,26.60,-18.76,17,0,21073.0
60032,-1.02,-0.01,-0.00,-54.11,26.25,-18.48,18,0,21081.0
60040,-1.07,0.13,0.03,-57.75,26.60,-26.04,17,0,21089.0
60048,-0.89,-0.12,0.02,-61.11,27.79,-19.95,23,0,21097.0
60055,-1.00,-0.01,0.04,-56.84,26.88,-25.90,23,0,21104.0
60063,-0.95,0.02,0.09,-64.12,30.52,-24.99,23,0,21112.0
60071,-0.84,-0.05,0.13,-58.45,33.88,-21.77,23,0,21120.0
60079,-0.95,-0.04,0.15,-57.61,34.86,-25.69,25,0,21128.0
60087,-1.07,0.17,0.17,-54.18,38.22,-37.87,25,0,21136.0
60094,-0.94,0.05,0.18,-52.99,40.95,-37.94,31,0,21143.0
60102,-0.89,0.01,0.20,-55.30,45.92,-37.87,29,0,21151.0
60110,-0.90,0.03,0.21,-53.20,49.00,-38.50,30,0,21159.0
60117,-0.93,-0.06,0.23,-46.48,53.20,-37.38,28,0,21166.0
60125,-0.99,-0.07,0.26,-39.27,59.22,-39.34,32,1,21174.0
60133,-1.06,0.06,0.29,-35.28,64.47,-40.53,31,0,21182.0
60141,-1.07,0.23,0.33,-35.77,70.56,-45.01,34,0,21190.0
60149,-1.07,0.21,0.36,-37.31,75.25,-49.63,36,0,21198.0
60157,-1.05,0.18,0.43,-36.61,80.85,-54.32,43,0,21206.0
60165,-1.07,0.22,0.46,-32.55,86.38,-60.55,43,0,21214.0
60172,-1.13,0.23,0.45,-28.07,91.77,-66.01,48,0,21221.0
60180,-1.11,0.33,0.44,-27.02,98.35,-72.87,48,0,21229.0
60188,-1.10,0.43,0.43,-28.00,105.56,-77.49,57,0,21237.0
60195,-1.11,0.50,0.43,-25.06,112.42,-85.54,49,0,21244.0
60203,-1.04,0.44,0.47,-20.02,124.67,-91.35,54,0,21252.0
60211,-1.06,0.45,0.48,-12.11,135.59,-94.78,54,0,21260.0
60219,-1.15,0.46,0.48,-2.94,144.76,-101.36,59,0,21268.0
60226,-1.23,0.56,0.46,-3.22,153.09,-106.26,48,0,21275.0
60234,-1.27,0.67,0.42,-11.06,160.44,-112.28,44,0,21283.0
60242,-1.32,0.72,0.37,-21.70,165.83,-118.93,45,0,21291.0
60250,-1.37,0.76,0.41,-28.70,171.78,-128.66,43,0,21299.0
60257,-1.44,0.77,0.49,-36.47,177.17,-135.52,43,0,21306.0
60265,-1.59,0.73,0.58,-37.03,180.67,-140.91,49,0,21314.0
60273,-1.68,0.70,0.68,-35.00,181.02,-143.22,48,0,21322.0
60281,-1.79,0.72,0.71,-33.53,178.50,-146.51,41,0,21330.0
60289,-1.93,0.74,0.73,-27.86,172.34,-150.85,46,0,21338.0
60297,-2.01,0.86,0.59,-18.90,163.38,-161.91,33,0,21346.0
60305,-1.99,0.65,0.53,-13.44,161.42,-173.18,20,0,21354.0
60313,-1.82,0.20,0.55,-11.34,179.34,-184.80,5,0,21362.0
60320,-1.77,-0.28,0.64,-31.85,192.92,-183.26,3,0,21369.0
60328,-2.03,-0.76,0.05,-58.03,191.24,-163.17,3,0,21377.0
60336,-2.22,-0.57,-0.09,-65.10,183.40,-137.55,6,0,21385.0
60344,-2.09,-0.64,-0.22,-57.61,167.02,-98.91,6,0,21393.0
60352,-1.68,-1.07,-0.48,-40.81,130.41,-76.44,1,0,21401.0
60360,-1.39,-1.27,-0.72,-13.86,124.04,-64.68,0,0,21409.0
60368,-1.06,-1.22,-0.95,0.63,105.98,-61.88,0,0,21417.0
60376,-1.13,-0.87,-0.76,43.19,80.92,-47.46,0,0,21425.0
60384,-1.39,-0.57,-0.66,88.20,49.77,-17.64,0,0,21433.0
60392,-1.40,-0.57,-0.58,118.37,15.47,2.66,0,0,21441.0
60399,-1.11,-0.74,-0.51,124.88,-24.99,17.92,0,0,21448.0
60407,-0.75,-0.76,-0.47,114.80,-51.73,34.51,0,0,21456.0
60415,-0.54,-0.64,-0.44,78.61,-74.48,53.55,0,0,21464.0
60423,-0.39,-0.47,-0.40,43.19,-95.06,75.25,0,0,21472.0
60430,-0.32,-0.31,-0.37,10.57,-116.76,95.97,0,0,21479.0
60438,-0.33,-0.19,-0.40,-14.98,-138.53,113.19,0,0,21487.0
60446,-0.35,-0.23,-0.42,-37.66,-158.90,135.24,0,0,21495.0
60454,-0.35,-0.32,-0.45,-58.24,-195.09,148.89,0,0,21503.0
60462,-0.42,-0.39,-0.49,-73.29,-200.48,158.55,0,0,21511.0
60470,-0.43,-0.42,-0.49,-84.98,-217.28,166.25,0,0,21519.0
60478,-0.40,-0.39,-0.49,-88.34,-233.94,172.83,0,0,21527.0
60486,-0.36,-0.41,-0.48,-91.84,-248.57,180.32,0,0,21535.0
60494,-0.34,-0.41,-0.47,-95.83,-261.73,187.74,0,0,21543.0
60502,-0.32,-0.45,-0.46,-98.98,-279.65,196.77,0,0,21551.0
60510,-0.33,-0.41,-0.49,-98.49,-289.87,204.96,0,0,21559.0
60518,-0.43,-0.43,-0.57,-92.26,-302.12,207.06,0,0,21567.0
60526,-0.54,-0.53,-0.64,-74.41,-315.70,205.10,0,0,21575.0
60534,-0.51,-0.61,-0.68,-55.44,-325.92,210.70,0,0,21583.0
60542,-0.50,-0.57,-0.69,-32.27,-332.15,220.57,0,0,21591.0
60550,-0.55,-0.51,-0.70,-13.65,-338.17,228.48,0,0,21599.0
60558,-0.59,-0.47,-0.70,1.96,-342.93,235.20,0,0,21607.0
60566,-0.67,-0.53,-0.71,20.37,-347.41,244.65,0,0,21615.0
60574,-0.89,-0.48,-0.66,40.81,-350.00,245.49,0,0,21623.0
60583,-0.98,-0.45,-0.49,69.65,-345.87,250.95,0,0,21632.0
60591,-0.92,-0.39,-0.31,80.08,-330.12,259.35,0,0,21640.0
60600,-0.94,-0.36,-0.14,78.89,-313.88,265.30,0,0,21649.0
60607,-1.04,-0.38,-0.08,70.63,-295.47,267.68,0,0,21656.0
60615,-1.25,-0.33,-0.08,59.64,-276.43,259.14,0,0,21664.0
60623,-1.57,-0.28,-0.15,54.46,-254.52,245.63,0,0,21672.0
60631,-1.68,-0.24,-0.39,49.98,-239.96,228.97,0,0,21680.0
60639,-1.40,-0.21,-0.47,47.25,-227.15,208.74,0,0,21688.0
60647,-1.15,-0.14,-0.46,38.99,-210.49,182.14,0,0,21696.0
60655,-0.96,-0.07,-0.33,26.67,-187.53,148.19,0,0,21704.0
60663,-0.75,-0.03,-0.25,4.97,-157.85,97.09,0,1,21712.0
60671,-0.62,-0.06,-0.12,-14.35,-108.36,55.30,0,0,21720.0
60679,-0.63,-0.01,0.12,-33.67,-64.54,14.63,0,0,21728.0
60687,-0.63,-0.01,0.23,-48.72,-20.51,-26.46,0,0,21736.0
60695,-0.57,-0.21,0.08,-57.40,20.86,-74.90,0,0,21744.0
60703,-0.52,-0.40,-0.18,-49.35,59.29,-106.68,0,0,21752.0
60711,-0.49,-0.61,-0.45,-28.49,104.30,-135.52,0,0,21760.0
60718,-0.84,-0.70,-0.39,25.34,125.09,-157.36,0,0,21767.0
60726,-1.40,-0.51,-0.68,70.42,135.66,-161.77,0,1,21775.0
60734,-1.72,-0.00,-0.39,152.18,118.44,-130.76,0,12,21783.0
60742,-2.46,0.89,0.29,225.75,92.47,-60.27,0,48,21791.0
60750,-2.80,0.95,0.21,240.10,83.93,-45.43,0,41,21799.0
60757,-2.11,0.25,0.33,236.95,104.65,-110.67,0,48,21806.0
60765,-1.38,0.43,-0.28,190.89,123.06,-159.32,0,45,21814.0
60772,-1.51,0.67,-0.63,86.59,138.46,-157.50,0,41,21821.0
60780,-1.68,0.55,-0.99,28.21,129.01,-159.60,0,62,21829.0
60788,-1.19,0.38,-1.33,1.82,131.74,-163.66,0,43,21837.0
60796,-0.81,-0.11,-1.27,52.22,136.92,-170.24,0,37,21845.0
60803,-0.66,-0.89,-1.01,81.34,126.91,-179.06,0,38,21852.0
60811,-0.67,-1.40,-0.73,63.49,115.36,-176.19,0,41,21860.0
60819,-0.78,-1.49,-0.77,10.71,102.48,-149.38,0,41,21868.0
60827,-0.91,-1.38,-0.60,-30.10,88.13,-126.00,0,51,21876.0
60835,-0.90,-1.28,-0.50,-45.57,76.23,-106.12,0,68,21884.0
60843,-0.98,-1.19,-0.43,-27.37,71.33,-92.54,0,46,21892.0
60851,-1.05,-1.19,-0.28,-8.47,67.27,-78.61,0,46,21900.0
60859,-1.13,-1.15,-0.29,5.88,64.68,-65.87,0,77,21908.0
60866,-1.18,-0.92,-0.36,22.05,61.25,-52.08,0,59,21915.0
60874,-1.19,-0.71,-0.35,33.11,56.63,-44.59,0,33,21923.0
60882,-1.18,-0.45,-0.31,38.43,49.28,-41.44,0,26,21931.0
60890,-1.17,-0.23,-0.31,32.76,44.10,-39.27,0,33,21939.0
60898,-1.12,-0.05,-0.36,16.17,40.46,-36.33,0,15,21947.0
60906,-1.12,0.07,-0.36,-5.95,37.38,-31.92,0,2,21955.0
60914,-1.11,0.08,-0.29,-28.28,34.37,-26.53,1,5,21963.0
60922,-1.09,-0.02,-0.20,-48.09,31.71,-23.87,0,0,21971.0
60930,-1.09,-0.12,-0.11,-61.04,28.77,-23.38,3,0,21979.0
60938,-1.08,-0.21,-0.05,-65.66,27.02,-23.24,1,0,21987.0
60946,-1.05,-0.26,0.02,-64.40,25.69,-21.98,3,0,21995.0
60953,-1.01,-0.27,0.07,-65.10,25.06,-20.02,6,0,22002.0
60961,-0.99,-0.18,0.10,-65.38,23.80,-16.31,5,0,22010.0
60969,-1.00,-0.13,0.06,-71.75,23.38,-14.63,6,0,22018.0
60977,-1.01,-0.09,0.04,-74.13,23.10,-14.56,9,0,22026.0
60985,-1.00,-0.09,0.00,-73.29,23.17,-15.33,10,0,22034.0
60992,-1.00,-0.09,-0.01,-73.08,23.94,-16.03,11,0,22041.0
61000,-1.00,-0.07,-0.00,-73.78,25.20,-16.24,11,0,22049.0
61008,-1.01,-0.02,0.02,-74.76,26.32,-16.38,13,0,22057.0
61016,-1.00,0.02,0.05,-75.88,27.58,-17.22,12,0,22065.0
61024,-0.98,0.05,0.11,-75.74,31.22,-19.04,13,0,22073.0
61031,-0.96,0.03,0.16,-72.80,34.09,-21.00,15,0,22080.0
61039,-0.92,-0.00,0.23,-69.23,38.29,-22.96,17,0,22088.0
61047,-0.89,-0.02,0.28,-62.86,42.28,-24.92,16,0,22096.0
61055,-0.87,0.02,0.31,-57.19,45.71,-28.56,20,0,22104.0
61063,-0.87,0.07,0.35,-56.00,49.98,-33.95,21,0,22112.0
61071,-0.88,0.16,0.33,-55.79,56.07,-36.26,16,0,22120.0
61079,-0.92,0.10,0.33,-51.31,61.04,-38.85,21,0,22128.0
61086,-0.95,0.08,0.33,-45.22,66.50,-40.32,70,0,22135.0
61094,-0.98,0.16,0.34,-31.57,72.66,-42.84,61,0,22143.0
61102,-0.98,0.23,0.36,-24.71,79.17,-47.81,29,0,22151.0
61110,-1.02,0.34,0.43,-23.73,85.96,-52.29,31,0,22159.0
61118,-1.05,0.39,0.47,-21.98,92.89,-57.75,33,0,22167.0
61125,-1.10,0.33,0.46,-21.14,100.38,-64.19,32,0,22174.0
61133,-1.12,0.33,0.45,-18.34,107.59,-69.37,32,0,22182.0
61141,-1.17,0.32,0.43,-16.03,116.90,-74.34,34,0,22190.0
61149,-1.22,0.38,0.40,-14.91,123.76,-79.24,34,0,22198.0
61156,-1.23,0.46,0.38,-14.49,131.46,-84.21,42,0,22205.0
61164,-1.20,0.45,0.40,-11.06,140.49,-89.04,43,0,22213.0
61172,-1.18,0.42,0.44,-7.49,150.43,-91.84,41,0,22221.0
61179,-1.23,0.48,0.44,-7.07,159.95,-94.85,46,0,22228.0
61187,-1.32,0.63,0.43,-10.36,167.86,-100.31,51,0,22236.0
61195,-1.37,0.74,0.44,-16.38,174.02,-110.25,54,0,22244.0
61203,-1.42,0.83,0.43,-27.72,179.06,-117.32,42,0,22252.0
61210,-1.46,0.92,0.51,-40.53,183.68,-125.37,42,0,22259.0
61218,-1.50,0.85,0.62,-48.79,186.34,-131.25,39,1,22267.0
61227,-1.59,0.68,0.73,-44.52,188.51,-134.26,40,0,22276.0
61234,-1.68,0.58,0.86,-38.36,188.79,-133.56,38,0,22283.0
61242,-1.76,0.62,1.09,-14.98,185.78,-134.82,40,0,22291.0
61250,-1.83,0.52,0.87,10.78,180.60,-147.28,36,0,22299.0
61258,-1.84,0.27,0.80,31.71,184.10,-161.84,24,0,22307.0
61266,-1.81,-0.09,0.69,44.31,195.30,-174.09,6,0,22315.0
61273,-2.04,-0.29,0.72,40.53,211.75,-176.54,4,0,22322.0
61281,-2.19,-0.54,0.10,15.82,213.78,-166.39,3,0,22330.0
61289,-2.39,-0.67,-0.04,-9.94,205.17,-142.73,6,0,22338.0
61297,-2.25,-0.67,-0.08,-15.75,189.21,-113.19,0,0,22346.0
61305,-1.69,-1.13,-0.31,-6.30,165.90,-89.67,0,0,22354.0
61313,-1.30,-1.37,-0.70,5.81,148.33,-71.75,0,0,22362.0
61320,-0.97,-1.07,-0.82,20.37,123.41,-58.17,0,1,22369.0
61329,-1.23,-0.47,-0.58,45.57,91.42,-35.00,0,0,22378.0
61337,-1.40,-0.28,-0.51,59.92,56.84,-9.73,0,0,22386.0
61344,-1.31,-0.53,-0.45,61.25,22.40,5.74,0,0,22393.0
61352,-0.95,-0.73,-0.41,54.25,-15.96,23.94,0,0,22401.0
61360,-0.74,-0.76,-0.41,22.96,-39.48,48.09,0,0,22409.0
61368,-0.61,-0.69,-0.41,17.22,-62.79,73.43,0,0,22417.0
61376,-0.55,-0.57,-0.42,1.26,-88.06,97.09,0,0,22425.0
61384,-0.55,-0.47,-0.49,-7.98,-113.75,123.97,0,0,22433.0
61392,-0.59,-0.49,-0.52,-13.72,-137.55,141.33,0,0,22441.0
61400,-0.57,-0.53,-0.56,-12.11,-165.27,153.02,0,0,22449.0
61408,-0.55,-0.54,-0.56,-5.81,-185.36,161.84,0,0,22457.0
61416,-0.53,-0.53,-0.54,-2.52,-204.12,169.47,0,0,22465.0
61424,-0.51,-0.50,-0.53,-0.35,-222.04,179.48,0,0,22473.0
61432,-0.47,-0.47,-0.51,-2.59,-243.46,187.88,0,0,22481.0
61440,-0.45,-0.42,-0.48,-14.98,-257.60,195.16,0,0,22489.0
61448,-0.43,-0.33,-0.62,-30.52,-270.27,201.46,0,0,22497.0
61456,-0.43,-0.27,-0.54,-47.74,-283.01,205.66,0,0,22505.0
61464,-0.45,-0.26,-0.57,-64.40,-296.17,210.07,0,0,22513.0
61472,-0.50,-0.28,-0.62,-77.00,-312.90,212.80,0,0,22521.0
61480,-0.54,-0.31,-0.68,-82.88,-323.89,213.01,0,0,22529.0
61488,-0.57,-0.35,-0.73,-78.82,-333.55,211.12,0,0,22537.0
61495,-0.60,-0.42,-0.76,-65.73,-342.02,208.74,0,0,22544.0
61503,-0.61,-0.49,-0.76,-46.13,-348.81,205.66,0,2,22552.0
61511,-0.64,-0.56,-0.75,-21.14,-353.85,205.38,0,0,22560.0
61519,-0.68,-0.63,-0.65,7.70,-356.79,207.41,3,0,22568.0
61527,-0.73,-0.76,-0.61,47.74,-354.69,212.31,0,0,22576.0
61535,-0.78,-0.82,-0.45,77.70,-346.08,218.89,0,0,22584.0
61543,-0.77,-0.77,-0.26,97.37,-331.66,224.56,0,0,22592.0
61551,-0.80,-0.62,-0.18,98.42,-313.95,232.89,0,0,22600.0
61559,-0.97,-0.50,-0.22,79.73,-290.50,238.91,0,0,22608.0
61566,-1.17,-0.31,-0.27,51.31,-274.75,238.35,0,0,22615.0
61574,-1.32,-0.15,-0.33,6.02,-260.61,229.95,0,0,22623.0
61582,-1.37,-0.10,-0.35,-16.66,-250.11,215.67,0,0,22631.0
61590,-1.36,-0.17,-0.36,-27.44,-239.33,195.09,0,0,22639.0
61598,-1.26,-0.39,-0.38,-23.10,-223.51,159.67,0,0,22647.0
61606,-1.07,-0.44,-0.41,-4.69,-191.80,126.42,0,0,22655.0
61614,-0.90,-0.44,-0.41,11.34,-162.82,93.03,0,0,22663.0
61622,-0.79,-0.48,-0.38,8.75,-130.90,61.04,0,0,22671.0
61629,-0.73,-0.39,-0.25,-3.22,-95.27,31.08,0,0,22678.0
61638,-0.71,-0.15,-0.13,-14.91,-57.05,-7.91,0,0,22687.0
61646,-0.70,-0.05,-0.09,-26.04,-7.70,-41.37,0,0,22695.0
61654,-0.66,-0.17,-0.16,-40.67,27.58,-75.11,0,0,22703.0
61662,-0.62,-0.40,-0.30,-37.38,61.32,-108.43,0,0,22711.0
61670,-0.61,-0.63,-0.49,-27.23,91.35,-145.95,0,0,22719.0
61678,-0.88,-0.73,-0.46,4.20,109.20,-159.18,0,0,22727.0
61686,-1.45,-0.41,-0.68,61.60,116.20,-150.08,0,0,22735.0
61694,-1.73,0.33,-0.27,210.56,93.59,-101.92,0,21,22743.0
61701,-2.53,1.09,0.16,273.84,70.14,-33.11,0,33,22750.0
61709,-2.86,1.22,0.33,298.83,70.70,-0.49,0,49,22758.0
61717,-2.00,0.12,0.34,305.69,93.59,-88.13,0,46,22766.0
61724,-1.44,0.63,0.06,241.78,116.06,-145.11,0,63,22773.0
61732,-1.56,0.97,-0.55,167.72,122.50,-152.53,0,92,22781.0
61740,-1.77,0.75,-1.01,96.04,116.76,-166.81,0,41,22789.0
61748,-1.39,0.62,-1.14,71.26,141.40,-180.53,0,35,22797.0
61755,-0.98,-0.32,-1.12,90.93,138.60,-195.65,0,33,22804.0
61763,-1.01,-1.31,-1.23,89.60,137.13,-200.13,0,32,22812.0
61771,-0.95,-1.39,-1.01,49.07,128.66,-176.68,0,29,22820.0
61779,-0.92,-1.06,-0.80,-14.28,109.90,-149.80,0,46,22828.0
61787,-0.82,-0.85,-0.56,-98.28,91.21,-118.16,0,62,22836.0
61795,-0.75,-0.80,-0.50,-134.68,77.77,-100.10,0,59,22844.0
61803,-0.74,-1.09,-0.49,-95.55,74.97,-84.00,0,44,22852.0
61811,-0.95,-1.46,-0.35,-55.72,72.17,-75.81,0,67,22860.0
61819,-1.17,-1.54,-0.35,-6.02,68.53,-63.14,0,43,22868.0
61827,-1.27,-1.25,-0.32,40.25,63.91,-48.37,0,42,22876.0
61835,-1.27,-0.75,-0.28,71.89,57.68,-46.41,0,16,22884.0
61843,-1.17,-0.38,-0.23,79.38,51.94,-44.66,0,3,22892.0
61851,-1.10,-0.13,-0.22,55.72,47.67,-41.65,0,0,22900.0
61859,-1.06,0.05,-0.20,13.79,44.66,-34.16,1,0,22908.0
61866,-1.05,0.20,-0.16,-27.65,40.39,-29.05,1,0,22915.0
61874,-1.06,0.16,-0.09,-61.74,37.03,-27.09,1,0,22923.0
61882,-1.07,-0.06,-0.07,-83.02,34.86,-25.90,3,0,22931.0
61890,-1.09,-0.25,-0.03,-87.57,34.09,-25.41,3,0,22939.0
61898,-1.10,-0.34,0.00,-73.15,32.76,-24.99,5,0,22947.0
61906,-1.09,-0.28,0.05,-64.54,32.62,-23.73,8,0,22955.0
61913,-1.06,-0.16,0.04,-58.10,32.41,-22.05,9,0,22962.0
61921,-1.04,-0.03,0.03,-54.95,31.43,-21.98,11,0,22970.0
61929,-1.01,0.02,0.03,-54.46,31.22,-22.89,15,2,22978.0
61937,-0.98,-0.01,0.02,-54.53,31.85,-23.03,10,0,22986.0
61944,-1.00,-0.00,0.03,-55.16,33.88,-23.66,19,0,22993.0
61952,-1.00,0.03,0.03,-55.02,35.00,-25.06,18,0,23001.0
61960,-0.98,0.06,0.07,-56.77,37.03,-26.53,22,0,23009.0
61968,-0.97,0.07,0.10,-57.82,38.78,-29.33,26,0,23017.0
61975,-0.94,0.04,0.15,-57.96,40.95,-31.78,24,0,23024.0
61983,-0.92,0.04,0.19,-56.07,43.75,-34.02,28,0,23032.0
61991,-0.87,-0.00,0.23,-50.89,46.97,-35.91,29,0,23040.0
61999,-0.83,-0.02,0.25,-45.36,51.87,-38.15,38,0,23048.0
62007,-0.82,-0.01,0.27,-40.81,55.93,-40.81,34,0,23056.0
62015,-0.87,-0.01,0.27,-36.82,60.62,-43.68,33,0,23064.0
62023,-0.94,-0.02,0.25,-37.24,65.45,-44.80,33,0,23072.0
62031,-1.03,0.04,0.23,-39.55,69.58,-46.62,29,0,23080.0
62038,-1.07,0.10,0.28,-41.65,73.36,-48.23,29,0,23087.0
62046,-1.08,0.11,0.33,-45.36,78.89,-51.17,33,0,23095.0
62054,-1.07,0.13,0.40,-45.29,87.29,-54.39,35,0,23103.0
62062,-1.07,0.18,0.46,-42.21,93.73,-57.68,31,0,23111.0
62069,-1.08,0.21,0.49,-37.80,100.03,-62.72,38,0,23118.0
62077,-1.08,0.26,0.51,-33.67,107.31,-68.25,33,0,23126.0
62085,-1.08,0.35,0.47,-29.61,114.87,-74.34,42,0,23134.0
62093,-1.09,0.41,0.43,-26.18,122.01,-80.15,46,0,23142.0
62100,-1.11,0.50,0.36,-20.79,130.06,-87.43,49,0,23149.0
62108,-1.11,0.52,0.34,-14.77,139.09,-92.40,50,0,23157.0
62116,-1.10,0.51,0.33,-6.65,150.99,-97.02,51,0,23165.0
62124,-1.21,0.59,0.36,-1.89,159.53,-100.59,47,0,23173.0
62131,-1.27,0.74,0.38,-4.97,166.88,-105.70,43,0,23180.0
62139,-1.33,0.86,0.40,-9.80,173.67,-113.54,41,0,23188.0
62147,-1.36,0.97,0.46,-20.37,179.62,-121.31,45,0,23196.0
62155,-1.40,1.10,0.58,-31.92,184.24,-129.64,47,0,23204.0
62162,-1.47,1.06,0.66,-38.08,187.46,-139.23,49,0,23211.0
62170,-1.58,0.88,0.79,-37.87,188.58,-147.07,44,0,23219.0
62178,-1.70,0.72,0.86,-33.74,188.51,-147.70,46,0,23227.0
62185,-1.96,0.53,0.94,-17.36,182.00,-152.67,41,0,23234.0
62193,-2.08,0.56,0.77,8.89,177.10,-162.12,36,0,23242.0
62201,-1.98,0.29,0.67,32.97,183.54,-178.50,8,0,23250.0
62209,-1.99,-0.05,0.64,45.01,200.55,-189.07,5,0,23258.0
62217,-2.06,-0.49,0.44,20.72,207.41,-188.23,2,0,23266.0
62225,-2.38,-0.60,0.09,-5.39,202.79,-162.19,5,0,23274.0
62233,-2.42,-0.47,0.01,-21.07,186.20,-134.19,4,0,23282.0
62241,-2.05,-0.84,-0.19,-23.24,165.90,-105.14,0,0,23290.0
62249,-1.65,-1.31,-0.51,-9.03,145.74,-81.27,0,0,23298.0
62257,-1.32,-1.49,-0.95,3.71,126.77,-68.74,0,0,23306.0
62264,-1.03,-1.23,-0.89,17.22,104.09,-59.64,0,0,23313.0
62272,-1.31,-0.55,-0.73,55.09,75.39,-32.41,0,0,23321.0
62280,-1.50,-0.48,-0.63,82.11,29.19,-11.13,0,0,23329.0
62288,-1.35,-0.64,-0.57,91.70,-5.46,6.51,0,0,23337.0
62296,-1.02,-0.77,-0.53,79.94,-35.91,22.47,0,0,23345.0
62304,-0.73,-0.82,-0.49,60.97,-61.74,43.05,0,0,23353.0
62312,-0.49,-0.68,-0.45,36.26,-85.40,73.71,0,0,23361.0
62320,-0.30,-0.57,-0.41,9.03,-108.01,95.34,0,0,23369.0
62327,-0.27,-0.44,-0.42,-11.62,-138.81,110.53,0,0,23376.0
62335,-0.32,-0.43,-0.43,-27.16,-161.14,124.46,0,0,23384.0
62343,-0.40,-0.47,-0.46,-31.08,-181.02,135.17,0,0,23392.0
62351,-0.40,-0.52,-0.48,-30.45,-198.66,144.90,0,0,23400.0
62359,-0.38,-0.53,-0.48,-29.54,-216.23,159.67,0,0,23408.0
62367,-0.34,-0.50,-0.46,-30.52,-237.79,169.82,0,0,23416.0
62375,-0.29,-0.45,-0.45,-35.14,-252.63,179.27,0,0,23424.0
62383,-0.30,-0.44,-0.46,-41.09,-266.14,187.32,0,0,23432.0
62391,-0.32,-0.43,-0.48,-48.79,-278.39,195.23,0,0,23440.0
62399,-0.34,-0.36,-0.50,-55.23,-289.52,202.30,0,0,23448.0
62407,-0.38,-0.42,-0.56,-60.41,-303.24,208.95,0,0,23456.0
62415,-0.47,-0.38,-0.54,-36.19,-314.79,209.02,0,0,23464.0
62423,-0.47,-0.57,-0.61,-37.87,-323.96,216.02,0,0,23472.0
62431,-0.49,-0.59,-0.61,-17.01,-331.31,221.76,0,0,23480.0
62439,-0.60,-0.60,-0.61,6.79,-338.59,222.81,0,0,23488.0
62446,-0.58,-0.62,-0.61,23.80,-343.21,227.99,0,0,23495.0
62454,-0.65,-0.55,-0.59,34.72,-347.06,234.71,0,0,23503.0
62462,-0.75,-0.48,-0.57,38.99,-348.46,240.17,0,0,23511.0
62470,-0.80,-0.42,-0.44,40.25,-345.17,249.20,0,0,23519.0
62478,-0.88,-0.33,-0.33,40.18,-339.08,253.40,0,0,23527.0
62486,-0.94,-0.33,-0.18,35.56,-328.37,257.88,0,0,23535.0
62494,-1.02,-0.34,-0.12,23.03,-313.67,258.79,0,0,23543.0
62502,-1.14,-0.36,-0.12,6.93,-291.13,257.04,0,0,23551.0
62510,-1.29,-0.35,-0.10,-8.96,-272.37,250.81,0,0,23559.0
62518,-1.48,-0.38,-0.18,-11.76,-254.10,241.01,0,0,23567.0
62526,-1.59,-0.44,-0.50,-4.69,-241.29,222.88,0,0,23575.0
62534,-1.46,-0.31,-0.68,6.65,-230.02,201.60,0,0,23583.0
62541,-1.04,-0.18,-0.63,26.67,-206.57,169.05,0,0,23590.0
62549,-0.83,-0.16,-0.53,38.85,-181.86,127.82,0,0,23598.0
62557,-0.74,-0.16,-0.44,31.22,-152.74,86.66,0,0,23606.0
62565,-0.70,-0.11,-0.19,16.24,-116.48,51.94,0,0,23614.0
62573,-0.71,-0.01,0.02,4.27,-74.55,17.71,0,1,23622.0
62580,-0.67,-0.06,0.08,-3.36,-30.73,-27.09,0,0,23629.0
62588,-0.54,-0.24,0.02,-8.96,25.20,-61.95,0,0,23637.0
62596,-0.50,-0.39,-0.19,-6.65,63.28,-96.25,0,0,23645.0
62604,-0.54,-0.59,-0.39,10.36,97.58,-127.05,0,0,23653.0
62612,-0.62,-0.70,-0.61,25.62,121.31,-155.68,0,0,23661.0
62620,-1.23,-0.67,-0.73,61.11,131.04,-166.32,1,0,23669.0
62628,-1.57,-0.02,-0.53,127.26,124.46,-132.44,0,6,23677.0
62636,-2.24,1.04,0.22,222.32,87.08,-70.56,0,35,23685.0
62644,-2.80,1.43,0.25,246.26,72.94,-18.34,0,37,23693.0
62651,-2.42,0.95,0.49,247.17,91.77,-48.30,0,56,23700.0
62659,-1.52,0.05,0.14,205.45,112.98,-145.25,0,67,23708.0
62666,-1.46,0.54,-0.16,101.01,125.16,-161.21,0,116,23715.0
62674,-1.73,0.35,-0.64,42.28,122.99,-166.67,0,46,23723.0
62682,-1.56,0.24,-1.14,16.17,125.16,-178.71,0,37,23731.0
62690,-1.16,0.03,-1.46,40.18,144.20,-188.02,0,38,23739.0
62697,-0.96,-1.00,-1.40,99.75,156.59,-198.38,0,32,23746.0
62705,-0.80,-1.58,-1.23,126.98,142.66,-192.15,0,47,23754.0
62713,-0.73,-1.59,-1.08,86.10,124.53,-165.41,0,47,23762.0
62721,-0.88,-1.45,-0.84,5.60,100.59,-135.31,0,58,23770.0
62729,-0.77,-1.20,-0.69,-47.95,83.51,-108.92,0,63,23778.0
62737,-0.83,-0.90,-0.53,-59.57,73.64,-93.73,0,55,23786.0
62745,-0.97,-1.03,-0.38,-41.72,71.68,-80.50,0,73,23794.0
62753,-1.10,-1.20,-0.32,-21.56,68.32,-66.99,0,67,23802.0
62760,-1.22,-1.15,-0.36,-0.70,62.30,-54.88,0,47,23809.0
62769,-1.22,-1.00,-0.37,26.39,57.75,-45.43,0,45,23818.0
62776,-1.25,-0.66,-0.32,43.68,52.64,-41.37,0,46,23825.0
62784,-1.20,-0.37,-0.30,46.69,46.62,-39.97,0,23,23833.0
62792,-1.15,-0.15,-0.32,30.94,41.30,-34.65,0,4,23841.0
62800,-1.09,0.02,-0.32,3.01,35.70,-27.93,0,0,23849.0
62808,-1.07,0.15,-0.22,-40.04,31.92,-24.78,2,0,23857.0
62816,-1.07,0.16,-0.12,-67.20,29.05,-24.71,4,0,23865.0
62824,-1.08,0.01,-0.02,-83.86,27.23,-23.03,4,1,23873.0
62832,-1.07,-0.25,0.04,-86.73,26.74,-21.49,5,0,23881.0
62839,-1.05,-0.34,0.10,-77.35,26.53,-21.14,6,0,23888.0
62847,-1.04,-0.31,0.13,-66.64,26.46,-21.00,5,0,23896.0
62855,-1.03,-0.21,0.15,-60.48,26.39,-19.46,11,0,23904.0
62863,-1.01,-0.07,0.15,-61.18,26.74,-18.55,13,0,23912.0
62871,-1.00,0.02,0.12,-63.28,27.58,-19.04,13,0,23920.0
62878,-0.99,0.05,0.12,-65.87,28.91,-21.21,16,0,23927.0
62886,-0.98,0.05,0.12,-64.75,30.31,-23.73,17,0,23935.0
62894,-0.98,0.04,0.12,-65.38,32.97,-24.36,20,0,23943.0
62902,-0.98,0.05,0.14,-63.91,37.10,-26.95,23,0,23951.0
62910,-0.97,0.08,0.16,-62.23,40.25,-29.75,23,0,23959.0
62917,-0.97,0.09,0.18,-59.92,42.98,-32.69,26,0,23966.0
62925,-0.94,0.07,0.22,-56.14,46.55,-34.58,32,0,23974.0
62933,-0.92,-0.02,0.22,-51.24,49.91,-37.31,29,0,23982.0
62941,-0.90,-0.02,0.23,-47.81,53.62,-39.62,31,0,23990.0
62949,-0.91,0.01,0.21,-47.25,57.05,-42.21,31,0,23998.0
62956,-0.92,-0.00,0.19,-49.91,60.27,-43.12,31,0,24005.0
62964,-0.96,0.02,0.19,-52.22,66.22,-43.40,30,0,24013.0
62972,-1.02,0.03,0.19,-51.31,70.84,-44.66,34,0,24021.0
62979,-1.10,0.06,0.21,-50.68,75.46,-46.62,35,0,24028.0
62987,-1.11,0.16,0.27,-50.75,80.64,-48.79,38,0,24036.0
62995,-1.10,0.22,0.34,-49.21,86.94,-52.22,34,0,24044.0
63003,-1.07,0.23,0.44,-43.47,94.08,-56.63,36,0,24052.0
63010,-1.04,0.24,0.52,-36.40,101.57,-61.11,40,0,24059.0
63018,-1.03,0.32,0.54,-31.85,109.90,-68.53,46,0,24067.0
63026,-1.05,0.41,0.50,-27.09,117.32,-75.74,44,0,24075.0
63034,-1.14,0.50,0.45,-24.78,127.75,-83.02,47,0,24083.0
63042,-1.18,0.56,0.38,-22.12,135.31,-89.67,50,0,24091.0
63049,-1.19,0.62,0.31,-16.80,142.87,-96.46,47,0,24098.0
63057,-1.15,0.64,0.35,-10.50,151.83,-102.13,42,0,24106.0
63065,-1.19,0.61,0.43,-2.94,161.84,-105.49,39,0,24114.0
63073,-1.28,0.70,0.47,-0.56,171.71,-109.55,44,0,24122.0
63080,-1.35,0.87,0.51,-5.04,179.76,-114.73,43,0,24129.0
63088,-1.40,1.12,0.55,-16.94,185.43,-126.77,51,0,24137.0
63096,-1.42,1.17,0.64,-31.01,188.44,-137.27,45,0,24145.0
63103,-1.52,1.01,0.76,-36.61,191.03,-145.46,45,0,24152.0
63111,-1.61,0.78,0.89,-32.20,191.59,-150.92,49,1,24160.0
63119,-1.73,0.57,0.93,-32.48,191.17,-154.56,43,0,24168.0
63127,-1.83,0.43,0.74,-3.01,185.43,-156.66,36,0,24176.0
63134,-1.95,0.57,0.66,15.47,187.18,-169.61,17,0,24183.0
63142,-1.93,0.22,0.62,30.03,194.81,-185.08,5,0,24191.0
63150,-1.99,-0.17,0.70,40.39,209.58,-191.17,3,0,24199.0
63158,-2.06,-0.84,0.26,19.25,213.64,-175.14,5,0,24207.0
63166,-2.46,-0.77,-0.01,0.21,208.46,-150.78,4,0,24215.0
63173,-2.27,-0.68,-0.12,-9.45,195.16,-123.20,3,0,24222.0
63181,-1.85,-1.05,-0.40,-6.16,178.29,-96.81,0,0,24230.0
63189,-1.50,-1.51,-0.81,4.20,159.11,-76.30,0,1,24238.0
63197,-1.14,-1.48,-0.99,20.23,138.53,-65.66,0,0,24246.0
63205,-1.18,-0.81,-0.84,59.36,108.22,-38.50,0,0,24254.0
63213,-1.54,-0.49,-0.70,100.45,73.92,-16.73,0,0,24262.0
63220,-1.53,-0.59,-0.66,126.63,22.68,-4.06,0,0,24269.0
63228,-1.16,-0.81,-0.55,128.87,-10.22,6.30,0,0,24277.0
63236,-0.83,-0.87,-0.49,107.10,-38.50,26.25,0,0,24285.0
63244,-0.58,-0.78,-0.40,84.91,-63.28,52.57,0,0,24293.0
63252,-0.41,-0.59,-0.41,63.42,-88.62,85.54,0,0,24301.0
63260,-0.35,-0.51,-0.41,45.85,-114.10,106.68,0,0,24309.0
63268,-0.34,-0.52,-0.46,34.72,-146.16,123.55,0,0,24317.0
63276,-0.37,-0.55,-0.51,29.40,-167.51,136.92,0,0,24325.0
63284,-0.37,-0.52,-0.50,26.53,-187.60,149.52,0,0,24333.0
63291,-0.35,-0.49,-0.48,18.90,-205.94,162.61,0,1,24340.0
63299,-0.32,-0.45,-0.48,9.52,-222.18,183.96,0,0,24348.0
63307,-0.29,-0.40,-0.46,-2.66,-236.11,199.78,0,0,24356.0
63315,-0.28,-0.35,-0.45,-21.98,-252.21,215.39,0,0,24364.0
63323,-0.31,-0.25,-0.44,-66.57,-262.92,228.41,0,0,24372.0
63331,-0.39,-0.21,-0.46,-77.00,-273.49,237.23,0,0,24380.0
63339,-0.48,-0.33,-0.54,-84.28,-283.50,241.22,0,0,24388.0
63347,-0.53,-0.61,-0.56,-78.19,-292.53,243.11,0,0,24396.0
63355,-0.56,-0.69,-0.54,-60.06,-302.33,243.95,0,0,24404.0
63363,-0.58,-0.72,-0.55,-21.98,-308.42,244.79,0,0,24412.0
63371,-0.62,-0.69,-0.55,-18.97,-313.46,247.03,0,0,24420.0
63378,-0.64,-0.59,-0.54,-8.33,-317.31,249.76,0,0,24427.0
63386,-0.67,-0.38,-0.54,-2.52,-320.46,254.31,0,0,24435.0
63394,-0.73,-0.42,-0.55,2.24,-323.05,257.46,0,0,24443.0
63402,-0.82,-0.38,-0.51,6.58,-322.63,259.00,0,0,24451.0
63410,-0.87,-0.35,-0.41,8.33,-318.99,260.40,0,0,24459.0
63418,-0.93,-0.35,-0.31,4.41,-311.43,261.87,0,0,24467.0
63426,-0.97,-0.33,-0.15,-4.20,-299.74,262.43,0,0,24475.0
63434,-1.00,-0.33,-0.14,-16.59,-286.72,258.30,0,0,24483.0
63442,-1.08,-0.34,-0.17,-29.05,-268.17,250.04,0,0,24491.0
63450,-1.27,-0.34,-0.19,-34.93,-254.03,237.79,0,1,24499.0
63457,-1.46,-0.34,-0.33,-37.52,-236.39,216.79,0,0,24506.0
63465,-1.30,-0.34,-0.49,-34.44,-219.66,194.53,0,0,24514.0
63473,-1.13,-0.38,-0.57,-28.35,-202.30,165.27,0,0,24522.0
63481,-1.00,-0.42,-0.53,-14.21,-185.99,139.93,0,0,24530.0
63489,-1.02,-0.52,-0.54,-0.91,-160.51,113.12,0,0,24538.0
63497,-0.97,-0.53,-0.48,13.44,-135.66,85.12,0,0,24546.0
63505,-0.86,-0.39,-0.29,17.43,-104.51,54.25,0,0,24554.0
63513,-0.73,-0.12,-0.13,13.51,-69.86,8.47,0,0,24562.0
63521,-0.64,-0.10,-0.09,5.67,-33.74,-27.16,0,0,24570.0
63529,-0.58,-0.31,-0.19,4.27,12.95,-60.06,0,0,24578.0
63537,-0.57,-0.51,-0.37,9.52,44.87,-89.53,0,0,24586.0
63545,-0.84,-0.59,-0.45,27.16,68.88,-112.28,0,0,24594.0
63552,-1.10,-0.54,-0.68,42.63,91.14,-126.84,0,0,24601.0
63560,-1.13,-0.41,-0.83,72.38,109.20,-132.37,0,1,24609.0
63568,-1.64,0.64,-0.34,163.87,111.79,-100.66,0,25,24617.0
63576,-2.34,1.11,0.36,221.48,100.45,-64.05,0,36,24625.0
63584,-2.83,0.91,0.34,230.72,93.66,-60.90,0,40,24633.0
63591,-2.13,0.11,-0.01,209.16,110.25,-114.03,0,56,24640.0
63599,-1.61,0.30,-0.47,139.58,118.79,-140.21,0,41,24648.0
63606,-1.23,0.65,-0.75,23.17,114.94,-147.00,0,40,24655.0
63614,-1.17,0.61,-0.78,-21.49,109.90,-152.88,0,55,24663.0
63622,-1.14,0.10,-1.08,-25.69,118.09,-167.23,0,50,24671.0
63630,-1.09,-0.69,-1.21,11.34,130.48,-178.78,0,47,24679.0
63638,-1.00,-1.40,-1.25,54.18,130.41,-179.90,0,25,24687.0
63646,-0.87,-1.32,-1.02,42.42,117.04,-164.01,0,35,24695.0
63654,-0.89,-1.17,-0.76,-23.45,98.63,-142.66,0,22,24703.0
63662,-0.83,-1.06,-0.58,-72.80,84.91,-114.31,1,24,24711.0
63670,-0.87,-0.95,-0.44,-76.51,77.35,-90.58,0,29,24719.0
63677,-0.96,-1.22,-0.32,-51.59,73.29,-75.74,0,29,24726.0
63685,-1.13,-1.33,-0.28,-22.26,70.21,-68.67,0,20,24734.0
63693,-1.20,-1.23,-0.29,9.45,64.33,-57.68,0,18,24742.0
63701,-1.17,-0.95,-0.26,37.38,59.22,-49.07,0,11,24750.0
63709,-1.15,-0.63,-0.21,45.01,54.04,-43.47,0,7,24758.0
63717,-1.12,-0.38,-0.18,39.27,48.51,-40.32,0,4,24766.0
63725,-1.09,-0.18,-0.18,18.76,44.17,-32.90,0,0,24774.0
63733,-1.05,-0.05,-0.16,-11.69,39.69,-25.27,0,0,24782.0
63741,-1.05,0.02,-0.13,-47.25,37.17,-22.12,0,0,24790.0
63749,-1.06,-0.04,-0.09,-62.02,34.02,-21.21,1,0,24798.0
63757,-1.08,-0.18,-0.07,-65.45,31.29,-20.93,3,0,24806.0
63765,-1.08,-0.30,-0.04,-62.86,29.82,-20.37,3,0,24814.0
63773,-1.05,-0.28,-0.02,-56.49,28.14,-19.46,3,0,24822.0
63781,-1.04,-0.18,-0.01,-50.89,26.95,-18.06,6,0,24830.0
63789,-1.03,-0.02,0.04,-58.66,26.88,-16.94,7,0,24838.0
63796,-1.01,0.07,0.02,-62.65,26.11,-16.59,8,0,24845.0
63804,-1.01,0.07,0.00,-64.19,25.55,-18.48,14,0,24853.0
63812,-1.01,-0.04,-0.00,-62.09,25.69,-19.53,11,0,24861.0
63820,-1.00,-0.08,0.01,-59.85,27.09,-20.16,15,0,24869.0
63828,-1.00,-0.05,0.03,-55.65,28.63,-21.42,15,0,24877.0
63836,-0.97,-0.02,0.05,-52.08,30.80,-22.40,17,0,24885.0
63844,-0.92,0.06,0.09,-53.62,33.39,-23.52,19,0,24893.0
63851,-0.89,0.10,0.15,-54.60,35.07,-26.11,19,0,24900.0
63859,-0.88,0.04,0.19,-53.62,37.66,-28.77,23,0,24908.0
63867,-0.87,-0.05,0.23,-50.33,40.88,-30.73,28,0,24916.0
63875,-0.87,-0.08,0.23,-44.52,45.43,-32.90,25,0,24924.0
63883,-0.87,-0.05,0.21,-38.71,48.23,-35.14,29,0,24932.0
63891,-0.90,0.02,0.22,-39.13,51.38,-37.80,38,0,24940.0
63898,-0.98,0.02,0.20,-41.93,53.83,-39.90,33,0,24947.0
63906,-1.05,0.00,0.21,-43.19,57.47,-40.67,27,0,24955.0
63914,-1.09,-0.03,0.24,-40.60,62.30,-41.58,26,0,24963.0
63922,-1.09,0.11,0.31,-40.25,68.04,-42.35,31,0,24971.0
63929,-1.06,0.30,0.40,-44.31,76.93,-46.41,33,0,24978.0
63937,-1.02,0.38,0.50,-47.67,84.21,-51.59,29,0,24986.0
63945,-0.97,0.35,0.58,-46.48,92.61,-56.14,31,0,24994.0
63953,-0.97,0.31,0.61,-41.58,100.38,-61.18,37,0,25002.0
63960,-1.03,0.30,0.60,-34.65,107.94,-67.41,39,0,25009.0
63968,-1.11,0.34,0.54,-32.97,115.43,-73.85,44,0,25017.0
63976,-1.17,0.45,0.48,-30.80,122.50,-80.22,47,0,25025.0
63984,-1.17,0.45,0.42,-24.99,129.50,-89.04,49,0,25033.0
63991,-1.14,0.40,0.39,-15.75,141.82,-93.73,50,0,25040.0
63999,-1.16,0.43,0.37,-6.16,151.41,-96.88,53,0,25048.0
64007,-1.26,0.51,0.35,2.94,160.51,-100.45,52,0,25056.0
64015,-1.33,0.60,0.35,3.15,168.28,-104.93,57,0,25064.0
64023,-1.37,0.72,0.34,-0.70,174.23,-111.65,58,0,25072.0
64030,-1.41,0.79,0.37,-9.17,178.99,-117.88,50,0,25079.0
64038,-1.40,0.91,0.41,-22.40,183.19,-126.28,46,0,25087.0
64046,-1.43,0.94,0.53,-33.95,185.71,-133.28,46,0,25095.0
64054,-1.55,0.94,0.58,-43.19,186.69,-137.90,44,0,25103.0
64061,-1.66,0.86,0.68,-46.55,184.38,-143.71,48,0,25110.0
64069,-1.70,0.82,0.92,-39.83,181.72,-146.23,42,0,25118.0
64077,-1.77,0.65,0.81,-15.82,177.03,-150.99,37,0,25126.0
64085,-1.82,0.45,0.76,8.82,179.97,-161.07,21,0,25134.0
64092,-1.71,-0.05,0.66,29.47,187.60,-177.31,7,0,25141.0
64100,-1.90,-0.49,0.57,42.84,199.85,-182.63,4,0,25149.0
64108,-2.04,-0.67,0.42,34.30,206.78,-175.84,5,0,25157.0
64116,-2.31,-0.76,0.06,13.93,197.82,-156.66,4,0,25165.0
64123,-2.24,-0.58,-0.04,10.36,185.29,-131.11,3,1,25172.0
64131,-1.90,-0.83,-0.16,16.52,166.25,-101.64,0,0,25180.0
64139,-1.55,-1.28,-0.44,23.87,146.79,-76.72,0,0,25188.0
64147,-1.20,-1.48,-0.88,26.32,130.55,-63.42,0,0,25196.0
64155,-1.05,-1.19,-0.78,45.78,105.00,-52.15,0,0,25204.0
64163,-1.36,-0.68,-0.61,76.65,74.83,-20.58,0,0,25212.0
64170,-1.52,-0.58,-0.53,96.25,41.16,6.02,0,0,25219.0
64178,-1.28,-0.68,-0.51,99.05,-1.26,26.11,0,0,25227.0
64186,-1.00,-0.80,-0.50,85.61,-28.35,44.80,0,0,25235.0
64194,-0.76,-0.81,-0.50,56.77,-50.82,65.59,0,0,25243.0
64202,-0.52,-0.74,-0.38,30.52,-72.87,89.88,0,0,25251.0
64209,-0.38,-0.59,-0.46,4.62,-96.60,112.91,0,0,25258.0
64217,-0.36,-0.46,-0.48,-14.35,-120.26,135.45,0,0,25266.0
64225,-0.40,-0.42,-0.49,-24.71,-144.06,148.05,0,0,25274.0
64233,-0.43,-0.48,-0.51,-28.07,-171.43,156.59,0,0,25282.0
64241,-0.41,-0.53,-0.53,-24.92,-190.61,164.57,0,0,25290.0
64249,-0.37,-0.56,-0.51,-26.39,-208.25,173.53,0,0,25298.0
64257,-0.32,-0.53,-0.50,-30.31,-225.19,186.62,0,0,25306.0
64265,-0.27,-0.47,-0.50,-36.33,-246.89,195.93,0,0,25314.0
64273,-0.28,-0.42,-0.49,-44.66,-261.80,206.22,0,0,25322.0
64281,-0.32,-0.32,-0.48,-61.32,-274.96,217.07,0,0,25330.0
64289,-0.34,-0.17,-0.60,-69.58,-289.59,221.27,0,0,25338.0
64297,-0.29,-0.24,-0.64,-84.21,-299.32,227.08,0,0,25346.0
64305,-0.28,-0.35,-0.66,-89.25,-316.89,227.85,0,0,25354.0
64313,-0.48,-0.46,-0.70,-82.60,-326.90,224.70,0,0,25362.0
64321,-0.50,-0.50,-0.72,-64.05,-336.21,226.87,0,0,25370.0
64329,-0.57,-0.51,-0.69,-45.43,-344.12,228.27,0,0,25378.0
64337,-0.56,-0.59,-0.68,-24.99,-351.05,234.85,0,0,25386.0
64345,-0.63,-0.62,-0.67,-6.16,-357.14,242.41,0,0,25394.0
64353,-0.81,-0.58,-0.63,15.33,-360.57,243.18,0,0,25402.0
64361,-0.94,-0.52,-0.40,40.60,-360.57,245.21,0,0,25410.0
64369,-0.99,-0.45,-0.25,61.53,-353.22,248.36,0,0,25418.0
64377,-1.06,-0.36,-0.06,76.44,-340.41,250.11,0,0,25426.0
64384,-1.05,-0.39,0.04,73.78,-315.70,257.25,0,0,25433.0
64392,-1.16,-0.34,0.09,55.23,-295.05,263.83,0,0,25441.0
64400,-1.38,-0.25,0.10,31.71,-275.31,261.52,0,0,25449.0
64408,-1.61,-0.20,-0.08,2.66,-260.40,250.18,0,0,25457.0
64415,-1.64,-0.19,-0.44,-4.27,-249.97,233.31,0,0,25464.0
64423,-1.36,-0.16,-0.60,-0.63,-237.72,212.10,0,0,25472.0
64431,-1.04,-0.10,-0.53,1.75,-219.52,166.46,0,0,25480.0
64439,-0.76,0.00,-0.39,-8.33,-193.83,127.19,0,0,25488.0
64447,-0.64,0.05,-0.22,-32.76,-150.78,86.52,0,0,25496.0
64455,-0.63,-0.00,-0.06,-56.42,-109.62,48.44,0,0,25504.0
64462,-0.60,-0.06,0.11,-67.41,-62.30,10.71,0,0,25511.0
64470,-0.52,-0.15,0.17,-65.17,-14.98,-28.35,0,0,25519.0
64478,-0.50,-0.24,-0.06,-58.03,28.00,-65.45,0,0,25527.0
64486,-0.50,-0.44,-0.33,-39.13,67.20,-110.25,0,0,25535.0
64494,-0.49,-0.65,-0.55,-10.29,115.36,-139.44,0,0,25543.0
64502,-0.54,-0.74,-0.70,25.20,141.96,-167.02,0,0,25551.0
64510,-0.76,-0.84,-0.89,48.65,151.13,-184.24,0,0,25559.0
64518,-1.64,-0.53,-0.63,106.54,140.70,-153.72,0,0,25567.0
64526,-1.97,0.63,0.25,198.24,106.75,-91.49,0,23,25575.0
64534,-2.74,1.18,0.64,236.74,62.30,-19.67,0,43,25583.0
64542,-2.80,1.22,0.56,242.83,71.26,-8.40,0,50,25591.0
64549,-1.84,-0.18,0.40,230.51,99.75,-101.08,0,52,25598.0
64557,-1.36,0.22,-0.20,155.12,113.26,-152.25,0,81,25606.0
64565,-1.80,0.51,-0.38,67.83,122.78,-148.26,1,80,25614.0
64572,-1.90,0.54,-1.01,37.38,115.78,-159.53,0,41,25621.0
64580,-1.29,0.52,-1.33,38.43,125.02,-177.94,0,39,25629.0
64588,-0.94,-0.42,-1.44,76.02,142.45,-196.42,0,45,25637.0
64596,-0.85,-1.03,-1.19,92.54,142.10,-198.45,0,46,25645.0
64604,-0.81,-1.27,-1.01,41.79,125.02,-177.87,0,50,25653.0
64611,-0.80,-1.37,-0.97,-31.85,104.44,-144.90,0,53,25660.0
64619,-0.74,-1.27,-0.74,-94.71,87.78,-115.71,0,69,25668.0
64627,-0.78,-1.19,-0.68,-91.42,81.20,-99.47,0,71,25676.0
64635,-0.99,-1.21,-0.50,-59.22,77.70,-73.36,1,71,25684.0
64643,-1.17,-1.50,-0.34,-21.98,74.76,-74.13,0,71,25692.0
64651,-1.22,-1.52,-0.30,10.15,67.55,-56.49,0,61,25700.0
64659,-1.20,-1.33,-0.30,36.96,62.09,-44.38,0,44,25708.0
64666,-1.18,-0.93,-0.25,60.06,56.28,-36.96,0,46,25715.0
64674,-1.17,-0.49,-0.20,61.74,49.28,-33.18,0,37,25723.0
64682,-1.16,-0.19,-0.24,44.73,43.26,-30.10,0,25,25731.0
64690,-1.13,0.08,-0.27,12.04,38.92,-23.38,0,6,25739.0
64698,-1.11,0.21,-0.24,-23.45,35.07,-20.30,0,0,25747.0
64706,-1.07,0.18,-0.19,-54.81,32.13,-18.90,0,0,25755.0
64714,-1.09,0.06,-0.12,-79.80,30.24,-18.27,2,2,25763.0
64722,-1.11,-0.17,-0.06,-81.97,28.63,-18.41,3,0,25771.0
64730,-1.08,-0.28,-0.01,-71.54,27.02,-18.06,3,0,25779.0
64738,-1.05,-0.28,0.04,-58.59,25.90,-17.01,7,0,25787.0
64746,-1.03,-0.19,0.09,-51.10,25.69,-14.91,9,0,25795.0
64754,-1.03,-0.09,0.08,-50.40,24.99,-13.23,7,0,25803.0
64763,-1.02,-0.01,0.05,-54.25,24.71,-12.95,8,0,25812.0
64771,-1.00,-0.01,0.04,-57.75,24.85,-15.26,13,0,25820.0
64779,-0.98,0.03,0.05,-61.74,25.69,-17.50,15,0,25828.0
64787,-0.97,0.04,0.07,-67.34,27.23,-19.25,18,0,25836.0
64795,-0.98,0.06,0.11,-70.42,29.19,-20.30,17,0,25844.0
64802,-0.97,0.06,0.14,-70.35,32.83,-22.26,20,0,25851.0
64810,-0.95,0.04,0.17,-67.62,35.56,-24.78,24,0,25859.0
64818,-0.92,0.03,0.20,-63.98,38.71,-26.95,27,0,25867.0
64826,-0.86,0.02,0.22,-57.61,42.56,-29.05,26,0,25875.0
64834,-0.79,0.04,0.21,-52.64,46.55,-31.29,29,0,25883.0
64842,-0.79,0.09,0.21,-51.10,50.05,-35.35,40,0,25891.0
64850,-0.97,0.06,0.21,-49.98,54.60,-37.87,32,0,25899.0
64857,-0.96,0.01,0.21,-48.09,59.43,-38.85,33,0,25906.0
64865,-1.00,-0.03,0.24,-45.08,65.38,-39.13,25,0,25914.0
64873,-1.04,0.03,0.26,-42.77,70.42,-39.20,30,0,25922.0
64881,-1.07,0.14,0.31,-40.95,74.69,-42.56,30,0,25930.0
64888,-1.05,0.22,0.41,-38.92,79.80,-47.74,33,0,25937.0
64897,-1.01,0.29,0.46,-39.34,86.24,-53.97,33,0,25946.0
64905,-0.98,0.33,0.48,-34.86,94.78,-59.29,30,0,25954.0
64912,-0.99,0.37,0.48,-28.49,103.39,-64.47,32,0,25961.0
64920,-1.02,0.48,0.47,-28.49,112.42,-70.00,38,0,25969.0
64928,-1.09,0.60,0.47,-31.50,121.66,-75.18,31,0,25977.0
64935,-1.11,0.70,0.48,-31.78,130.83,-82.11,35,0,25984.0
64943,-1.10,0.65,0.51,-24.43,140.21,-88.76,35,0,25992.0
64951,-1.11,0.38,0.54,-8.33,149.87,-96.25,47,1,26000.0
64959,-1.20,0.31,0.53,3.85,178.01,-100.10,45,0,26008.0
64967,-1.34,0.44,0.47,7.91,169.89,-105.63,46,0,26016.0
64974,-1.40,0.51,0.41,7.56,174.93,-112.84,45,0,26023.0
64982,-1.40,0.59,0.34,-4.48,179.13,-119.63,50,0,26031.0
64990,-1.42,0.74,0.32,-16.59,182.35,-126.56,46,0,26039.0
64998,-1.45,0.80,0.40,-28.84,184.03,-133.07,52,0,26047.0
65005,-1.51,0.81,0.56,-29.75,185.43,-136.92,41,0,26054.0
65013,-1.59,0.74,0.68,-28.70,186.76,-136.85,36,0,26062.0
65021,-1.69,0.66,0.88,-12.88,184.52,-136.50,39,0,26070.0
65029,-1.81,0.64,0.92,14.98,179.76,-143.22,37,0,26078.0
65037,-1.84,0.66,0.82,40.81,180.18,-157.92,35,0,26086.0
65044,-1.85,0.42,0.70,69.86,184.94,-172.48,11,0,26093.0
65052,-1.95,0.03,0.65,54.46,193.06,-182.28,3,0,26101.0
65060,-2.08,-0.32,0.57,45.85,204.26,-181.51,2,0,26109.0
65067,-2.16,-0.64,0.28,29.40,204.19,-171.92,4,0,26116.0
65075,-2.24,-0.90,-0.01,27.02,195.44,-133.14,5,0,26124.0
65083,-2.13,-1.00,-0.21,35.63,180.18,-116.41,0,0,26132.0
65091,-1.92,-1.23,-0.49,44.45,159.81,-89.11,0,0,26140.0
65099,-1.53,-1.36,-0.80,45.43,133.07,-72.24,0,0,26148.0
65106,-1.11,-1.13,-0.86,39.41,107.87,-62.65,0,0,26155.0
65114,-1.29,-0.69,-0.67,50.89,74.13,-39.27,0,0,26163.0
65122,-1.47,-0.51,-0.46,49.77,38.85,-12.67,0,0,26171.0
65130,-1.38,-0.61,-0.40,44.31,4.34,14.42,0,0,26179.0
65138,-1.00,-0.83,-0.39,32.34,-31.36,31.15,0,0,26187.0
65146,-0.83,-0.90,-0.40,20.09,-53.90,50.05,0,0,26195.0
65154,-0.64,-0.87,-0.41,0.28,-74.13,71.40,0,0,26203.0
65162,-0.50,-0.77,-0.41,-12.32,-96.81,92.82,0,0,26211.0
65170,-0.41,-0.65,-0.39,-20.02,-119.28,112.91,0,0,26219.0
65178,-0.39,-0.54,-0.40,-25.62,-140.49,135.66,0,0,26227.0
65186,-0.41,-0.53,-0.43,-28.35,-166.11,148.26,0,0,26235.0
65194,-0.44,-0.56,-0.46,-28.84,-183.61,156.80,0,0,26243.0
65202,-0.42,-0.52,-0.45,-26.32,-200.34,163.03,0,0,26251.0
65210,-0.38,-0.45,-0.45,-25.34,-216.44,172.27,0,0,26259.0
65218,-0.33,-0.44,-0.47,-26.67,-236.04,180.81,0,1,26267.0
65226,-0.30,-0.44,-0.49,-26.60,-249.34,188.30,0,0,26275.0
65234,-0.27,-0.42,-0.50,-25.62,-260.75,196.21,0,0,26283.0
65242,-0.26,-0.43,-0.55,-25.76,-270.97,204.75,0,0,26291.0
65250,-0.31,-0.52,-0.58,-22.40,-280.63,216.51,0,0,26299.0
65258,-0.30,-0.45,-0.58,-14.98,-290.50,221.90,0,0,26307.0
65265,-0.34,-0.52,-0.62,0.35,-297.64,231.42,0,0,26314.0
65273,-0.41,-0.53,-0.64,21.63,-301.56,234.85,0,0,26322.0
65281,-0.44,-0.57,-0.63,56.98,-309.75,237.58,0,0,26330.0
65289,-0.49,-0.62,-0.62,80.43,-314.09,243.67,0,0,26338.0
65297,-0.50,-0.71,-0.61,100.59,-317.45,254.59,0,0,26346.0
65304,-0.58,-0.65,-0.56,114.38,-318.29,266.56,0,0,26353.0
65312,-0.64,-0.54,-0.57,126.77,-316.96,274.96,0,0,26361.0
65320,-0.64,-0.40,-0.26,131.46,-307.02,281.12,0,0,26369.0
65328,-0.73,-0.33,-0.14,110.81,-296.66,288.33,0,0,26377.0
65336,-0.93,-0.21,-0.09,75.74,-285.39,292.67,0,0,26385.0
65344,-1.13,-0.17,-0.03,28.77,-272.37,296.24,0,0,26393.0
65351,-1.33,-0.14,0.02,-8.61,-258.16,283.64,0,0,26400.0
65359,-1.55,-0.12,0.04,-35.28,-243.25,265.23,0,0,26408.0
65367,-1.75,-0.15,-0.08,-50.26,-226.10,244.02,1,0,26416.0
65375,-1.63,-0.16,-0.23,-55.09,-215.53,221.13,0,0,26424.0
65383,-1.39,-0.16,-0.39,-53.48,-203.14,193.76,0,0,26432.0
65391,-1.18,-0.22,-0.49,-57.75,-186.69,157.64,0,0,26440.0
65399,-0.98,-0.39,-0.42,-67.55,-165.69,108.43,0,0,26448.0
65407,-0.83,-0.37,-0.36,-71.26,-129.29,70.77,0,0,26456.0
65415,-0.77,-0.31,-0.22,-71.68,-93.73,35.63,0,0,26464.0
65423,-0.70,-0.13,0.01,-64.61,-55.58,-0.56,0,0,26472.0
65431,-0.66,-0.13,-0.05,-75.60,-17.29,-36.40,0,0,26480.0
65439,-0.68,-0.32,-0.21,-87.57,17.22,-78.82,0,1,26488.0
65447,-0.66,-0.53,-0.40,-79.31,60.76,-108.29,0,0,26496.0
65455,-0.61,-0.83,-0.58,-46.69,89.67,-136.78,0,0,26504.0
65463,-0.69,-1.06,-0.75,-1.75,106.75,-159.25,0,0,26512.0
65471,-1.35,-0.96,-0.85,47.74,117.60,-161.21,0,0,26520.0
65478,-1.37,0.10,-0.66,125.93,116.48,-123.97,0,0,26527.0
65486,-1.77,0.83,-0.01,204.05,100.59,-60.83,0,25,26535.0
65494,-2.63,1.15,0.29,252.98,77.84,-11.48,0,38,26543.0
65502,-2.35,0.59,0.32,267.96,85.96,-39.55,0,45,26551.0
65510,-1.69,0.11,-0.01,211.47,104.51,-118.30,0,43,26559.0
65518,-1.59,0.76,-0.26,109.34,120.89,-143.22,0,55,26567.0
65525,-1.64,0.97,-0.72,56.28,122.43,-151.13,0,76,26574.0
65533,-1.47,0.70,-1.03,35.84,123.41,-162.33,0,93,26582.0
65541,-1.17,-0.08,-1.05,53.20,126.14,-169.33,0,34,26590.0
65549,-0.85,-0.92,-0.94,80.71,122.64,-174.79,0,41,26598.0
65557,-0.73,-1.34,-0.76,47.46,117.32,-164.99,0,42,26606.0
65565,-0.84,-1.35,-0.81,-3.71,103.32,-147.70,0,57,26614.0
65572,-0.91,-1.16,-0.63,-60.27,89.11,-128.10,0,43,26621.0
65580,-0.90,-1.11,-0.63,-78.47,82.18,-90.44,0,41,26629.0
65588,-0.95,-1.21,-0.60,-55.58,77.14,-92.12,0,37,26637.0
65596,-1.06,-1.29,-0.41,-29.26,71.75,-81.06,0,49,26645.0
65604,-1.18,-1.28,-0.36,1.89,66.85,-63.84,0,24,26653.0
65612,-1.20,-1.19,-0.40,27.23,62.23,-51.52,0,24,26661.0
65620,-1.20,-0.92,-0.33,45.43,57.05,-46.20,0,41,26669.0
65628,-1.18,-0.45,-0.27,47.53,51.59,-41.93,0,29,26677.0
65636,-1.17,-0.14,-0.30,32.20,44.87,-39.55,1,5,26685.0
65644,-1.14,0.10,-0.29,-11.13,41.16,-34.44,0,1,26693.0
65652,-1.12,0.20,-0.23,-46.20,37.66,-28.21,1,0,26701.0
65660,-1.09,0.11,-0.11,-74.48,35.00,-25.27,6,0,26709.0
65668,-1.10,-0.15,-0.04,-92.75,33.53,-22.75,6,0,26717.0
65676,-1.10,-0.28,0.00,-91.91,31.43,-21.49,3,0,26725.0
65683,-1.09,-0.34,0.05,-83.16,29.75,-21.56,7,0,26732.0
65691,-1.07,-0.27,0.10,-71.75,28.63,-21.21,9,0,26740.0
65699,-1.06,-0.15,0.14,-68.53,28.35,-19.53,13,0,26748.0
65707,-1.05,-0.05,0.08,-69.37,28.35,-17.78,11,0,26756.0
65715,-1.06,0.00,0.05,-68.95,28.28,-18.69,12,0,26764.0
65723,-1.04,-0.01,0.03,-68.39,28.84,-18.48,17,0,26772.0
65731,-1.01,-0.02,0.02,-66.50,30.10,-18.06,22,0,26780.0
65739,-0.99,0.02,0.03,-65.03,31.71,-19.04,21,0,26788.0
65746,-0.99,0.07,0.06,-64.96,33.39,-20.79,25,0,26795.0
65754,-0.98,0.08,0.11,-65.45,35.28,-23.10,24,0,26803.0
65762,-0.95,0.07,0.16,-63.91,37.73,-25.62,25,0,26811.0
65770,-0.91,0.04,0.20,-62.93,41.37,-27.65,43,0,26819.0
65778,-0.86,0.06,0.22,-60.55,46.55,-29.82,45,0,26827.0
65785,-0.80,0.03,0.25,-55.30,50.89,-32.34,46,0,26834.0
65793,-0.77,0.00,0.25,-48.16,55.16,-34.79,39,0,26842.0
65801,-0.78,0.03,0.24,-47.46,59.08,-37.17,31,0,26850.0
65809,-0.83,0.06,0.22,-46.41,62.16,-40.39,26,0,26858.0
65817,-0.91,0.00,0.20,-42.49,65.66,-44.31,28,0,26866.0
65825,-0.95,-0.03,0.19,-37.87,70.63,-44.94,29,0,26874.0
65832,-1.00,0.05,0.18,-35.49,76.16,-45.78,30,0,26881.0
65840,-1.02,0.15,0.20,-34.72,79.73,-48.23,30,0,26889.0
65848,-1.04,0.14,0.26,-34.51,85.05,-51.66,31,0,26897.0
65856,-1.07,0.18,0.30,-35.28,91.00,-54.88,36,0,26905.0
65864,-1.05,0.25,0.36,-34.16,96.39,-58.59,37,0,26913.0
65871,-1.05,0.22,0.40,-29.54,102.06,-63.77,37,0,26920.0
65879,-1.06,0.09,0.42,-19.53,108.78,-67.62,36,0,26928.0
65887,-1.09,0.12,0.42,-11.06,118.30,-70.00,40,0,26936.0
65895,-1.20,0.22,0.39,-3.64,123.90,-74.06,40,0,26944.0
65903,-1.23,0.34,0.39,-0.35,129.85,-79.73,38,0,26952.0
65910,-1.20,0.38,0.43,1.75,136.85,-85.40,45,0,26959.0
65918,-1.22,0.44,0.49,2.59,145.18,-90.86,49,0,26967.0
65926,-1.26,0.58,0.49,-0.70,152.60,-96.11,49,0,26975.0
65934,-1.30,0.78,0.50,-4.69,159.88,-105.56,52,0,26983.0
65942,-1.34,0.90,0.52,-12.74,166.53,-113.12,58,0,26991.0
65949,-1.31,0.98,0.53,-22.54,175.91,-120.75,54,0,26998.0
65957,-1.29,1.06,0.58,-50.82,180.18,-128.31,44,0,27006.0
65965,-1.37,1.04,0.62,-43.26,183.75,-135.66,44,0,27014.0
65973,-1.48,0.93,0.80,-44.66,185.22,-144.90,45,0,27022.0
65981,-1.56,0.78,0.59,-32.48,185.64,-145.95,47,0,27030.0
65989,-1.59,0.30,0.71,-11.69,181.93,-145.88,45,0,27038.0
65996,-1.58,0.33,0.60,14.63,181.37,-149.52,30,0,27045.0
66004,-1.71,0.26,0.50,39.69,188.51,-164.08,7,0,27053.0
66012,-1.92,-0.00,0.46,64.54,199.50,-173.60,3,0,27061.0
66020,-2.23,-0.22,0.51,53.48,203.28,-179.06,1,0,27069.0
66028,-2.32,-0.55,0.11,20.79,199.08,-165.20,7,0,27077.0
66036,-2.36,-0.36,0.03,1.61,190.40,-135.73,5,0,27085.0
66043,-2.18,-0.67,-0.05,-8.75,175.00,-106.47,0,0,27092.0
66051,-1.78,-1.17,-0.40,-9.59,149.24,-78.68,1,0,27100.0
66059,-1.52,-1.49,-0.72,-0.42,131.39,-60.76,0,0,27108.0
66067,-1.18,-1.43,-0.92,5.88,111.51,-52.22,0,0,27116.0
66075,-1.33,-1.00,-0.75,40.32,82.60,-30.45,0,0,27124.0
66083,-1.57,-0.72,-0.67,72.59,50.47,10.92,0,0,27132.0
66091,-1.55,-0.75,-0.64,91.77,16.87,22.26,0,0,27140.0
66098,-1.28,-0.82,-0.61,92.47,-14.70,38.78,0,0,27147.0
66106,-0.88,-0.82,-0.56,79.10,-51.10,58.10,10,0,27155.0
66114,-0.63,-0.71,-0.51,46.55,-74.62,79.10,0,0,27163.0
66122,-0.43,-0.59,-0.49,17.29,-96.88,99.68,0,0,27171.0
66130,-0.36,-0.46,-0.46,-6.65,-120.61,116.34,0,0,27179.0
66138,-0.34,-0.36,-0.44,-24.22,-142.87,135.10,0,0,27187.0
66146,-0.50,-0.38,-0.48,-33.88,-170.87,145.18,0,0,27195.0
66154,-0.39,-0.44,-0.50,-39.83,-189.91,154.49,0,0,27203.0
66162,-0.37,-0.47,-0.49,-45.36,-207.48,162.82,0,0,27211.0
66169,-0.32,-0.46,-0.48,-45.99,-224.21,170.45,0,0,27218.0
66177,-0.30,-0.52,-0.49,-46.83,-240.45,182.42,0,0,27226.0
66185,-0.31,-0.57,-0.51,-45.22,-255.50,190.05,0,0,27234.0
66193,-0.32,-0.55,-0.52,-40.67,-273.14,196.91,0,0,27242.0
66201,-0.33,-0.49,-0.52,-33.04,-284.41,203.77,0,0,27250.0
66209,-0.36,-0.42,-0.53,-25.76,-294.14,209.93,0,0,27258.0
66217,-0.37,-0.41,-0.56,-18.41,-302.61,216.58,0,0,27266.0
66225,-0.40,-0.45,-0.57,-8.75,-310.38,223.23,0,0,27274.0
66233,-0.44,-0.47,-0.58,2.59,-317.24,227.50,0,0,27282.0
66241,-0.50,-0.49,-0.58,13.02,-325.01,231.70,0,0,27290.0
66248,-0.56,-0.52,-0.56,24.22,-330.96,236.60,0,0,27297.0
66256,-0.65,-0.55,-0.55,34.37,-335.72,241.29,0,0,27305.0
66264,-0.76,-0.61,-0.56,47.74,-339.22,244.79,0,0,27313.0
66272,-0.83,-0.61,-0.50,66.43,-337.89,248.99,0,0,27321.0
66280,-0.78,-0.41,-0.15,84.98,-329.07,252.07,0,0,27329.0
66288,-0.79,-0.29,-0.04,75.81,-310.87,257.25,0,0,27337.0
66296,-0.92,-0.22,0.03,32.34,-295.54,262.15,0,0,27345.0
66303,-1.11,-0.11,0.07,-6.02,-278.88,259.07,1,0,27352.0
66311,-1.30,-0.07,0.00,-38.36,-262.64,248.08,0,2,27360.0
66319,-1.49,-0.18,-0.12,-59.99,-248.43,230.93,0,0,27368.0
66327,-1.58,-0.34,-0.27,-62.79,-236.25,207.48,0,0,27376.0
66335,-1.39,-0.40,-0.41,-53.90,-219.52,190.12,0,0,27384.0
66343,-1.15,-0.46,-0.52,-35.91,-203.91,165.48,0,0,27392.0
66351,-0.95,-0.51,-0.56,-21.00,-184.03,132.16,0,0,27400.0
66359,-0.78,-0.42,-0.54,-13.44,-159.95,96.67,0,0,27408.0
66367,-0.71,-0.24,-0.44,-16.10,-131.67,49.07,0,0,27416.0
66375,-0.71,-0.14,-0.28,-26.18,-86.24,18.34,0,0,27424.0
66383,-0.66,-0.10,-0.16,-32.20,-49.14,-12.60,0,0,27432.0
66391,-0.62,-0.26,-0.21,-29.82,-11.55,-42.70,1,0,27440.0
66399,-0.62,-0.45,-0.34,-21.14,24.01,-80.15,0,0,27448.0
66407,-0.60,-0.61,-0.52,-3.08,66.92,-106.12,0,0,27456.0
66416,-0.63,-0.72,-0.63,29.47,91.63,-130.48,0,0,27465.0
66424,-1.34,-0.58,-0.67,67.55,113.05,-143.29,0,0,27473.0
66432,-1.37,-0.18,-0.62,145.04,117.60,-128.73,0,6,27481.0
66440,-2.04,0.75,-0.06,258.09,102.90,-81.83,0,35,27489.0
66448,-2.81,1.12,0.47,294.56,84.14,-34.30,0,40,27497.0
66456,-2.83,0.84,0.54,307.16,93.45,-45.08,0,53,27505.0
66463,-2.01,0.06,-0.11,258.02,118.58,-126.07,0,53,27512.0
66471,-1.67,0.52,-0.34,141.26,129.29,-157.08,0,46,27520.0
66479,-1.51,0.81,-0.77,58.66,124.11,-164.64,0,73,27528.0
66487,-1.29,0.67,-1.12,14.63,122.43,-176.12,0,80,27536.0
66494,-1.05,-0.01,-1.38,13.30,133.42,-183.96,0,51,27543.0
66502,-0.80,-0.79,-1.35,71.33,134.40,-189.35,0,31,27551.0
66510,-0.61,-1.27,-1.05,69.09,126.84,-186.06,0,40,27559.0
66518,-0.74,-1.27,-1.02,-0.56,114.38,-167.09,0,29,27567.0
66526,-0.91,-1.01,-0.79,-69.86,93.45,-133.28,0,27,27575.0
66534,-0.92,-0.85,-0.69,-113.05,78.05,-110.95,0,38,27583.0
66542,-0.96,-0.95,-0.58,-107.66,75.81,-93.24,0,24,27591.0
66550,-1.06,-1.28,-0.37,-64.96,72.87,-83.02,0,18,27599.0
66557,-1.16,-1.52,-0.32,-23.59,69.16,-72.10,0,45,27606.0
66565,-1.17,-1.47,-0.33,16.03,63.77,-57.47,0,26,27614.0
66573,-1.16,-1.05,-0.26,49.56,59.36,-51.03,0,11,27622.0
66581,-1.16,-0.70,-0.15,65.38,51.66,-45.64,0,8,27630.0
66589,-1.13,-0.45,-0.16,51.31,46.83,-41.44,0,6,27638.0
66597,-1.09,-0.23,-0.20,20.16,42.91,-35.14,2,26,27646.0
66605,-1.04,-0.05,-0.19,-15.26,38.50,-25.34,4,0,27654.0
66613,-1.04,0.04,-0.16,-45.71,34.51,-21.63,5,1,27662.0
66621,-1.05,-0.03,-0.16,-68.39,31.08,-20.37,5,0,27670.0
66629,-1.09,-0.13,-0.14,-75.74,29.26,-20.37,7,0,27678.0
66637,-1.08,-0.22,-0.10,-70.77,28.42,-18.97,6,0,27686.0
66645,-1.07,-0.27,-0.01,-61.11,28.35,-17.92,9,0,27694.0
66653,-1.07,-0.19,0.04,-51.31,27.93,-16.24,13,0,27702.0
66661,-1.05,-0.07,0.08,-45.92,27.23,-16.73,16,0,27710.0
66668,-1.04,0.01,0.13,-48.65,28.28,-16.17,15,0,27717.0
66676,-1.01,0.01,0.10,-54.74,27.93,-17.01,14,0,27725.0
66684,-1.01,0.00,0.08,-55.93,28.35,-18.55,17,0,27733.0
66692,-1.01,-0.02,0.05,-54.95,29.47,-19.74,19,0,27741.0
66699,-1.01,0.01,0.03,-53.76,30.87,-20.86,20,0,27748.0
66707,-0.98,0.06,0.05,-52.99,32.69,-23.66,21,0,27756.0
66715,-0.97,0.08,0.09,-51.38,35.28,-25.69,27,0,27764.0
66722,-0.95,0.10,0.12,-49.91,38.43,-26.95,25,0,27771.0
66731,-0.91,0.13,0.17,-50.26,42.91,-29.33,28,0,27780.0
66739,-0.89,0.10,0.20,-48.72,46.20,-31.92,30,0,27788.0
66746,-0.88,0.06,0.20,-46.41,50.19,-35.00,31,0,27795.0
66754,-0.88,0.05,0.17,-44.38,54.25,-37.87,31,0,27803.0
66762,-0.87,0.05,0.14,-43.82,57.33,-41.09,33,0,27811.0
66770,-0.90,0.01,0.12,-44.24,60.90,-41.51,34,0,27819.0
66778,-0.95,-0.04,0.12,-42.28,65.45,-42.49,31,0,27827.0
66786,-1.01,-0.08,0.15,-37.59,70.14,-43.75,36,0,27835.0
66793,-1.05,-0.02,0.17,-35.84,73.99,-44.94,35,0,27842.0
66801,-1.08,0.07,0.23,-39.20,77.77,-46.76,35,0,27850.0
66809,-1.09,0.15,0.30,-45.08,82.53,-50.54,37,0,27858.0
66817,-1.09,0.15,0.34,-45.57,87.64,-55.79,37,0,27866.0
66825,-1.07,0.15,0.39,-42.56,93.87,-58.52,42,0,27874.0
66832,-1.03,0.17,0.41,-36.19,102.62,-62.72,40,0,27881.0
66840,-1.04,0.22,0.43,-29.47,109.69,-67.55,40,0,27889.0
66848,-1.09,0.28,0.41,-20.37,117.11,-72.45,43,0,27897.0
66856,-1.13,0.38,0.38,-16.73,124.74,-77.35,44,0,27905.0
66863,-1.12,0.49,0.37,-12.46,132.51,-83.44,43,0,27912.0
66871,-1.10,0.47,0.43,-6.65,141.82,-88.97,49,0,27920.0
66879,-1.14,0.51,0.47,-1.82,151.62,-94.57,52,0,27928.0
66887,-1.25,0.68,0.50,-1.26,160.72,-101.57,53,0,27936.0
66894,-1.34,0.86,0.52,-8.54,171.22,-109.76,53,0,27943.0
66902,-1.39,0.96,0.58,-15.54,177.38,-119.77,43,0,27951.0
66910,-1.45,0.99,0.65,-23.17,182.84,-129.08,47,0,27959.0
66918,-1.55,0.88,0.75,-18.48,187.74,-137.06,45,0,27967.0
66926,-1.71,0.67,0.88,-5.25,190.75,-142.87,47,0,27975.0
66933,-1.91,0.55,0.72,-0.14,190.82,-142.80,47,0,27982.0
66941,-2.13,0.51,0.72,16.17,185.01,-149.52,47,0,27990.0
66949,-2.22,0.52,0.55,32.62,177.94,-158.48,35,0,27998.0
66956,-2.18,0.36,0.47,46.20,178.71,-171.50,10,0,28005.0
66964,-2.04,-0.01,0.51,55.16,188.51,-179.76,4,0,28013.0
66972,-1.99,-0.41,0.51,43.47,197.05,-174.23,6,0,28021.0
66980,-2.15,-0.75,-0.01,9.03,189.35,-152.81,3,0,28029.0
66987,-2.22,-0.60,-0.13,-13.86,175.07,-124.46,5,0,28036.0
66995,-2.02,-0.67,-0.39,-17.71,154.14,-93.45,0,0,28044.0
67003,-1.71,-0.93,-0.63,-18.34,132.58,-68.88,0,0,28052.0
67011,-1.41,-1.16,-0.90,-15.82,112.07,-54.04,0,0,28060.0
67019,-0.90,-1.05,-0.93,-17.64,84.98,-52.15,0,0,28068.0
67027,-1.13,-0.68,-0.81,10.50,58.80,-32.34,0,0,28076.0
67034,-1.27,-0.49,-0.64,50.05,25.90,-9.87,0,0,28083.0
67042,-1.18,-0.53,-0.57,64.12,-7.14,8.82,0,0,28091.0
67050,-0.93,-0.67,-0.47,64.75,-37.31,21.70,0,0,28099.0
67058,-0.70,-0.77,-0.45,58.73,-63.14,42.70,0,0,28107.0
67066,-0.51,-0.70,-0.40,43.47,-84.77,62.65,0,0,28115.0
67074,-0.29,-0.54,-0.37,19.74,-110.88,84.63,0,0,28123.0
67082,-0.27,-0.40,-0.33,-12.88,-131.32,103.67,0,0,28131.0
67090,-0.31,-0.32,-0.32,-29.33,-151.55,118.37,0,0,28139.0
67098,-0.38,-0.33,-0.37,-37.45,-169.96,132.44,0,0,28147.0
67106,-0.42,-0.42,-0.42,-40.46,-187.04,139.30,0,0,28155.0
67114,-0.46,-0.46,-0.45,-40.18,-208.32,143.78,0,0,28163.0
67122,-0.45,-0.48,-0.46,-36.82,-222.04,149.52,0,0,28171.0
67130,-0.44,-0.46,-0.46,-32.90,-235.83,156.73,0,0,28179.0
67138,-0.43,-0.41,-0.44,-35.42,-247.94,169.68,0,0,28187.0
67146,-0.42,-0.27,-0.42,-44.94,-261.87,178.08,0,0,28195.0
67154,-0.45,-0.21,-0.42,-58.73,-271.46,185.01,0,0,28203.0
67162,-0.47,-0.20,-0.44,-77.35,-281.05,191.59,0,0,28211.0
67170,-0.55,-0.24,-0.50,-83.86,-289.80,193.69,0,0,28219.0
67178,-0.59,-0.39,-0.55,-80.43,-298.34,194.32,0,0,28227.0
67186,-0.65,-0.40,-0.56,-68.53,-307.65,191.87,0,1,28235.0
67194,-0.61,-0.48,-0.55,-44.59,-313.18,195.02,0,0,28243.0
67202,-0.62,-0.53,-0.54,-23.45,-318.01,196.56,0,0,28251.0
67210,-0.65,-0.55,-0.50,-5.88,-321.30,198.87,0,0,28259.0
67218,-0.71,-0.49,-0.45,7.77,-322.63,202.72,0,0,28267.0
67226,-0.80,-0.47,-0.43,17.22,-323.82,206.92,0,0,28275.0
67234,-0.87,-0.47,-0.39,26.60,-322.70,212.10,0,0,28283.0
67241,-0.93,-0.46,-0.33,32.27,-318.99,215.32,0,0,28290.0
67249,-0.95,-0.46,-0.24,33.11,-312.41,218.96,0,0,28298.0
67257,-0.99,-0.41,-0.18,27.23,-302.82,223.09,0,0,28306.0
67265,-1.09,-0.39,-0.17,13.30,-286.65,224.14,0,0,28314.0
67273,-1.24,-0.38,-0.15,-8.19,-271.74,223.30,0,0,28322.0
67281,-1.43,-0.35,-0.14,-37.03,-254.45,217.14,0,0,28330.0
67289,-1.57,-0.34,-0.20,-52.43,-236.53,206.50,0,0,28338.0
67297,-1.60,-0.44,-0.43,-55.09,-224.35,190.68,0,0,28346.0
67305,-1.34,-0.45,-0.67,-46.76,-210.07,174.72,0,0,28354.0
67313,-1.03,-0.43,-0.54,-0.28,-192.36,143.22,0,0,28362.0
67321,-0.91,-0.46,-0.42,16.45,-166.95,101.15,0,0,28370.0
67329,-0.86,-0.22,-0.22,21.21,-136.01,62.23,0,0,28378.0
67337,-0.80,0.22,-0.10,8.40,-100.45,15.33,0,0,28386.0
67345,-0.69,0.16,-0.02,-5.32,-47.18,-19.11,0,0,28394.0
67353,-0.59,-0.16,-0.05,-3.29,-6.44,-50.89,0,0,28402.0
67361,-0.56,-0.37,-0.21,4.90,32.06,-81.20,0,0,28410.0
67369,-0.55,-0.42,-0.40,13.09,67.55,-109.48,0,0,28418.0
67377,-0.57,-0.49,-0.56,26.11,99.12,-146.02,0,0,28426.0
67385,-0.73,-0.64,-0.71,43.89,132.58,-172.69,0,0,28434.0
67392,-0.97,-0.86,-0.65,68.46,137.76,-185.71,0,0,28441.0
67400,-1.59,-0.47,-0.56,152.18,126.35,-164.22,0,0,28449.0
67408,-1.82,0.43,0.21,221.62,92.19,-99.26,0,9,28457.0
67416,-2.54,1.02,0.40,262.43,61.11,-22.26,0,29,28465.0
67424,-2.68,1.00,0.36,267.26,59.78,-2.45,0,52,28473.0
67432,-1.38,0.11,0.21,253.89,85.05,-87.64,0,48,28481.0
67440,-1.00,0.75,-0.06,195.16,107.87,-133.98,0,87,28489.0
67447,-1.67,0.92,-0.56,95.20,115.29,-135.17,0,108,28496.0
67455,-1.86,0.91,-0.99,80.78,116.41,-144.41,0,145,28504.0
67463,-1.38,0.69,-1.07,93.66,119.42,-159.46,0,137,28512.0
67471,-1.09,-0.11,-0.89,100.31,121.10,-175.07,0,43,28520.0
67479,-1.02,-0.98,-0.81,46.62,120.89,-171.15,0,44,28528.0
67486,-0.96,-1.08,-0.86,-24.36,111.37,-147.77,0,46,28535.0
67494,-0.93,-0.99,-0.73,-105.63,99.26,-127.05,0,51,28543.0
67502,-0.86,-1.00,-0.64,-114.87,88.48,-115.78,0,33,28551.0
67510,-0.80,-1.22,-0.63,-84.91,83.37,-103.88,0,64,28559.0
67518,-0.89,-1.51,-0.50,-45.78,78.75,-89.74,0,49,28567.0
67526,-1.06,-1.49,-0.37,-16.24,72.38,-70.35,0,57,28575.0
67534,-1.15,-1.32,-0.32,8.47,66.15,-50.33,1,68,28583.0
67542,-1.19,-1.00,-0.30,37.94,61.18,-41.30,0,63,28591.0
67550,-1.20,-0.60,-0.24,46.27,55.86,-41.16,0,51,28599.0
67558,-1.17,-0.24,-0.23,41.72,50.05,-40.81,0,47,28607.0
67566,-1.15,0.05,-0.24,23.38,45.29,-35.77,0,41,28615.0
67573,-1.09,0.16,-0.21,-7.07,42.63,-30.73,0,33,28622.0
67581,-1.08,0.17,-0.15,-39.48,40.11,-27.02,0,0,28630.0
67589,-1.09,0.04,-0.07,-68.18,38.22,-24.99,0,0,28638.0
67597,-1.10,-0.15,-0.01,-72.73,36.33,-24.85,0,0,28646.0
67605,-1.07,-0.31,0.07,-66.71,35.14,-25.13,0,0,28654.0
67613,-1.04,-0.35,0.09,-55.02,34.30,-25.13,0,0,28662.0
67621,-1.01,-0.28,0.14,-50.05,33.95,-22.68,0,0,28670.0
67628,-1.00,-0.14,0.14,-54.60,33.18,-20.86,0,0,28677.0
67636,-1.00,-0.06,0.13,-57.19,32.48,-19.18,1,0,28685.0
67644,-1.00,-0.04,0.09,-61.11,32.48,-18.76,3,0,28693.0
67652,-1.03,-0.05,0.04,-61.95,32.06,-20.09,4,0,28701.0
67660,-1.10,0.14,0.03,-60.20,32.13,-29.12,8,0,28709.0
67668,-0.88,0.03,0.00,-64.05,35.00,-24.22,7,0,28717.0
67675,-1.01,-0.08,0.05,-54.60,35.49,-26.39,8,0,28724.0
67683,-0.99,0.07,0.06,-60.90,40.32,-27.65,10,0,28732.0
67691,-0.88,-0.04,0.11,-58.45,37.52,-19.67,12,0,28740.0
67699,-1.00,0.11,0.14,-54.60,42.84,-31.29,13,0,28748.0
67706,-0.94,-0.04,0.19,-48.16,46.13,-33.81,16,0,28755.0
67714,-0.93,-0.01,0.22,-46.41,49.14,-36.75,21,0,28763.0
67722,-0.93,-0.02,0.23,-44.73,52.01,-37.38,22,0,28771.0
67730,-0.89,0.01,0.25,-47.53,56.21,-38.43,27,0,28779.0
67738,-0.93,0.01,0.27,-50.61,63.42,-38.08,30,0,28787.0
67746,-1.00,0.08,0.32,-48.44,68.39,-40.53,27,0,28795.0
67753,-1.00,0.13,0.37,-39.69,73.99,-42.77,24,0,28802.0
67761,-0.99,0.19,0.48,-33.60,80.57,-47.25,27,0,28810.0
67769,-0.97,0.33,0.62,-35.07,89.04,-53.76,33,0,28818.0
67777,-0.95,0.41,0.67,-36.82,96.18,-60.27,30,0,28826.0
67784,-0.97,0.34,0.70,-37.66,102.90,-71.05,31,0,28833.0
67792,-1.02,0.35,0.68,-41.58,109.83,-77.56,39,0,28841.0
67800,-1.06,0.46,0.59,-46.48,120.82,-82.46,45,0,28849.0
67808,-1.12,0.43,0.49,-45.64,129.36,-88.97,47,0,28857.0
67815,-1.18,0.53,0.32,-45.22,138.53,-93.66,44,0,28864.0
67823,-1.11,0.51,0.24,-33.11,146.58,-99.75,51,0,28872.0
67831,-1.22,0.46,0.23,-26.88,155.82,-101.99,49,0,28880.0
67839,-1.35,0.53,0.18,-18.76,163.94,-104.51,52,0,28888.0
67847,-1.48,0.65,0.22,-17.92,172.62,-110.11,52,0,28896.0
67855,-1.51,0.69,0.30,-19.88,177.59,-114.38,43,0,28904.0
67863,-1.48,0.82,0.45,-33.18,182.56,-118.30,39,0,28912.0
67871,-1.48,0.90,0.64,-44.80,185.71,-122.85,41,0,28920.0
67879,-1.55,0.86,0.78,-49.00,188.16,-128.87,41,0,28928.0
67886,-1.67,0.72,0.93,-49.21,187.74,-138.88,45,0,28935.0
67894,-1.79,0.67,1.35,-41.37,185.43,-139.72,40,0,28943.0
67902,-2.03,0.53,0.98,-22.75,174.51,-146.58,41,0,28951.0
67910,-1.95,0.42,0.91,11.48,171.57,-158.76,34,0,28959.0
67918,-1.70,0.24,0.67,26.11,178.85,-172.48,7,0,28967.0
67925,-1.85,-0.04,0.46,33.88,192.15,-182.70,4,0,28974.0
67933,-2.08,-0.14,0.73,14.28,206.15,-182.21,6,0,28982.0
67941,-2.37,-0.48,-0.04,-23.80,198.73,-144.55,3,0,28990.0
67949,-2.52,-0.46,0.01,-38.99,185.01,-125.51,3,0,28998.0
67957,-2.03,-0.78,-0.14,-37.59,159.74,-96.74,0,0,29006.0
67965,-1.59,-1.40,-0.49,-26.53,143.64,-74.48,1,0,29014.0
67973,-1.17,-1.63,-0.84,-5.95,126.28,-64.75,0,0,29022.0
67981,-0.94,-1.28,-0.79,27.51,102.06,-53.48,0,0,29030.0
67988,-1.34,-0.66,-0.58,82.25,69.51,-22.47,0,0,29037.0
67996,-1.51,-0.67,-0.52,126.28,34.65,-0.49,0,0,29045.0
68004,-1.32,-0.82,-0.49,152.18,-9.17,17.29,0,0,29053.0
68012,-1.00,-0.87,-0.48,148.75,-37.87,35.07,0,0,29061.0
68021,-0.79,-0.72,-0.42,121.24,-61.18,60.06,0,0,29070.0
68028,-0.63,-0.48,-0.40,84.49,-81.55,81.97,0,0,29077.0
68036,-0.53,-0.38,-0.41,50.26,-109.62,100.10,0,0,29085.0
68044,-0.52,-0.33,-0.40,27.44,-132.72,115.64,0,0,29093.0
68052,-0.49,-0.36,-0.41,6.37,-154.35,133.49,0,0,29101.0
68060,-0.48,-0.46,-0.46,-4.06,-174.09,148.68,0,0,29109.0
68068,-0.44,-0.52,-0.46,-16.10,-191.38,168.70,0,0,29117.0
68076,-0.40,-0.47,-0.46,-28.14,-208.04,180.88,0,0,29125.0
68084,-0.36,-0.42,-0.47,-42.21,-228.90,190.89,0,0,29133.0
68092,-0.34,-0.35,-0.48,-66.08,-242.13,201.04,0,0,29141.0
68100,-0.29,-0.33,-0.50,-86.24,-255.01,212.73,0,0,29149.0
68108,-0.41,-0.32,-0.54,-93.45,-270.69,214.41,0,0,29157.0
68116,-0.20,-0.46,-0.52,-110.04,-282.03,231.56,0,0,29165.0
68124,-0.52,-0.34,-0.61,-101.92,-299.18,225.12,0,0,29173.0
68132,-0.61,-0.35,-0.64,-91.35,-310.17,213.22,0,0,29181.0
68140,-0.44,-0.61,-0.83,-67.83,-316.33,221.83,0,0,29189.0
68148,-0.46,-0.51,-0.71,-52.57,-328.37,231.91,0,0,29197.0
68156,-0.49,-0.48,-0.69,-36.05,-340.20,230.44,0,0,29205.0
68164,-0.53,-0.79,-0.69,-5.11,-347.83,246.19,0,0,29213.0
68172,-0.47,-0.80,-0.71,24.15,-350.63,257.67,0,0,29221.0
68180,-0.76,-0.39,-0.66,47.32,-353.01,250.46,0,0,29229.0
68188,-1.02,-0.47,-0.61,84.49,-352.31,251.86,0,0,29237.0
68196,-0.89,-0.45,-0.35,107.03,-341.11,256.76,0,0,29245.0
68204,-0.95,-0.39,-0.20,111.79,-327.11,254.38,0,0,29253.0
68212,-0.94,-0.38,-0.07,88.41,-307.37,261.24,0,0,29261.0
68220,-1.09,-0.31,-0.03,54.60,-288.61,265.02,0,0,29269.0
68228,-1.47,-0.20,-0.11,17.71,-251.37,254.66,0,2,29277.0
68236,-1.65,-0.21,-0.28,-8.61,-248.22,233.87,0,0,29285.0
68244,-1.59,-0.40,-0.44,-17.08,-233.52,213.50,0,0,29293.0
68252,-1.29,-0.56,-0.48,-3.01,-216.51,190.89,0,0,29301.0
68260,-0.94,-0.43,-0.41,8.47,-191.45,144.90,0,0,29309.0
68267,-0.75,-0.29,-0.40,12.81,-162.89,97.72,0,0,29316.0
68275,-0.63,-0.34,-0.40,8.12,-119.14,53.97,0,0,29324.0
68283,-0.65,-0.25,-0.20,-1.40,-77.91,14.77,0,0,29332.0
68291,-0.58,-0.05,0.07,-15.33,-31.36,-21.49,0,0,29340.0
68299,-0.47,-0.06,-0.05,-30.52,13.30,-56.84,0,0,29348.0
68307,-0.42,-0.35,-0.27,-31.01,53.83,-103.95,0,0,29356.0
68315,-0.42,-0.61,-0.46,-15.54,102.62,-135.24,0,0,29364.0
68323,-0.54,-0.84,-0.73,5.11,128.38,-161.77,0,0,29372.0
68331,-0.70,-1.01,-1.09,31.29,145.11,-181.30,0,0,29380.0
68338,-0.86,-1.07,-0.91,85.96,143.85,-188.93,0,0,29387.0
68346,-1.54,-0.25,-0.00,178.29,122.64,-161.42,0,0,29395.0
68354,-2.01,0.95,0.57,242.76,82.53,-38.85,0,35,29403.0
68362,-3.14,1.58,0.74,265.02,46.69,25.13,0,41,29411.0
68370,-2.95,0.79,0.53,275.17,67.13,-32.90,0,53,29419.0
68377,-1.89,-0.31,-0.25,219.38,87.08,-126.77,0,100,29426.0
68385,-1.34,0.76,-0.15,56.00,108.15,-136.29,0,52,29434.0
68393,-1.74,1.21,-0.56,17.08,104.16,-145.74,0,50,29442.0
68401,-1.48,0.91,-1.01,15.68,112.07,-165.69,0,41,29450.0
68409,-1.12,0.09,-1.41,49.42,137.62,-211.19,0,34,29458.0
68416,-1.04,-1.07,-1.67,69.23,160.72,-213.99,0,34,29465.0
68424,-1.35,-1.12,-1.28,50.89,149.73,-190.61,0,61,29473.0
68432,-0.92,-1.37,-1.05,-10.29,120.75,-147.84,0,73,29481.0
68440,-0.56,-1.30,-0.87,-100.10,100.31,-111.79,0,75,29489.0
68448,-0.59,-1.21,-0.80,-94.15,89.32,-96.88,0,86,29497.0
68456,-0.89,-1.44,-0.62,-44.94,80.71,-99.61,0,57,29505.0
68464,-1.03,-1.58,-0.39,-0.28,77.56,-87.92,0,47,29513.0
68472,-1.26,-1.55,-0.37,24.71,68.18,-66.92,0,39,29521.0
68480,-1.35,-1.33,-0.34,46.20,62.58,-50.33,0,36,29529.0
68488,-1.20,-0.91,-0.22,45.92,56.42,-38.85,0,14,29537.0
68496,-1.10,-0.46,-0.18,29.19,49.63,-32.90,0,9,29545.0
68503,-1.12,0.03,-0.18,-7.49,44.03,-26.18,0,4,29552.0
68511,-1.10,0.20,-0.18,-48.30,39.90,-23.31,0,0,29560.0
68519,-1.09,0.16,-0.17,-77.91,36.05,-22.47,1,0,29568.0
68527,-1.13,0.01,-0.15,-93.17,33.81,-22.05,4,0,29576.0
68535,-1.13,-0.20,-0.10,-92.54,32.41,-19.95,2,0,29584.0
68543,-1.11,-0.34,-0.03,-78.05,31.36,-18.20,4,0,29592.0
68551,-1.09,-0.33,0.02,-59.36,30.03,-16.80,6,0,29600.0
68559,-1.09,-0.20,0.08,-45.99,29.33,-15.19,8,0,29608.0
68567,-1.06,-0.01,0.11,-53.27,29.89,-13.16,6,0,29616.0
68575,-1.04,0.09,0.11,-58.10,29.47,-13.65,9,0,29624.0
68583,-1.02,0.06,0.09,-61.88,29.54,-16.03,15,0,29632.0
68591,-1.01,-0.03,0.09,-64.68,29.61,-17.29,16,0,29640.0
68599,-0.98,-0.05,0.07,-63.35,31.85,-18.69,17,0,29648.0
68606,-0.94,-0.05,0.06,-59.50,34.02,-19.81,16,0,29655.0
68614,-0.92,-0.00,0.10,-57.75,36.26,-20.86,19,0,29663.0
68622,-0.90,0.07,0.15,-59.15,38.64,-22.26,19,0,29671.0
68630,-0.93,0.09,0.18,-57.47,41.02,-25.20,19,0,29679.0
68638,-0.93,0.03,0.21,-52.22,43.82,-28.49,104,0,29687.0
68645,-0.90,-0.00,0.25,-46.41,47.53,-32.97,109,0,29694.0
68653,-0.83,0.04,0.29,-42.49,52.78,-36.54,72,0,29702.0
68661,-0.81,0.06,0.30,-41.51,56.70,-38.99,67,0,29710.0
68669,-0.82,0.10,0.30,-43.96,60.55,-41.93,47,0,29718.0
68677,-0.86,0.11,0.27,-47.25,65.45,-45.71,37,0,29726.0
68684,-0.91,0.07,0.24,-50.26,70.91,-46.83,32,0,29733.0
68692,-0.98,0.02,0.21,-47.67,75.74,-46.76,30,0,29741.0
68700,-1.02,0.08,0.22,-45.15,81.34,-48.79,36,0,29749.0
68708,-1.07,0.21,0.27,-45.71,86.73,-51.59,34,0,29757.0
68715,-1.08,0.26,0.31,-44.87,93.52,-56.21,38,0,29764.0
68723,-1.08,0.22,0.39,-40.18,100.31,-60.27,39,0,29772.0
68731,-1.07,0.27,0.41,-34.16,107.94,-63.77,42,0,29780.0
68739,-1.08,0.37,0.40,-27.51,115.01,-68.25,42,0,29788.0
68747,-1.08,0.43,0.36,-21.28,122.71,-74.13,41,0,29796.0
68754,-1.11,0.48,0.32,-14.56,129.99,-80.08,51,0,29803.0
68762,-1.15,0.58,0.31,-8.54,138.25,-87.43,42,0,29811.0
68770,-1.13,0.57,0.36,-0.07,147.00,-92.89,51,0,29819.0
68778,-1.19,0.56,0.39,8.26,159.60,-96.11,52,0,29827.0
68785,-1.24,0.68,0.42,11.55,168.35,-100.17,48,0,29834.0
68793,-1.31,0.80,0.43,10.43,175.77,-106.68,45,0,29842.0
68801,-1.36,0.94,0.46,-1.26,181.72,-114.94,42,0,29850.0
68808,-1.39,1.07,0.54,-12.88,185.78,-123.90,39,0,29857.0
68816,-1.46,1.05,0.68,-20.16,188.86,-132.09,42,0,29865.0
68824,-1.59,0.90,0.79,-20.44,189.28,-141.40,46,0,29873.0
68832,-1.67,0.68,0.92,-17.43,189.98,-144.13,46,0,29881.0
68840,-1.75,0.41,0.83,-1.33,187.39,-146.86,50,0,29889.0
68847,-2.03,0.41,0.78,26.88,178.50,-155.05,28,0,29896.0
68855,-1.97,0.31,0.66,43.19,182.63,-170.66,12,0,29904.0
68863,-2.03,-0.05,0.61,60.90,193.34,-183.61,4,0,29912.0
68870,-2.12,-0.42,0.66,58.45,205.80,-186.48,2,0,29919.0
68878,-2.28,-0.84,0.12,28.42,201.81,-171.08,6,0,29927.0
68886,-2.45,-0.61,-0.00,15.47,190.40,-146.51,7,0,29935.0
68894,-2.27,-0.60,-0.17,8.26,171.99,-96.74,0,0,29943.0
68902,-1.90,-1.04,-0.46,5.25,148.82,-76.72,0,0,29951.0
68910,-1.43,-1.28,-0.75,4.34,120.33,-59.22,0,0,29959.0
68918,-1.05,-1.26,-0.97,-5.11,99.19,-53.20,0,0,29967.0
68926,-1.12,-0.84,-0.76,15.82,69.02,-34.79,0,0,29975.0
68933,-1.40,-0.53,-0.61,38.43,36.19,-11.69,0,0,29982.0
68941,-1.40,-0.60,-0.55,53.41,0.91,17.78,0,0,29990.0
68949,-1.18,-0.78,-0.51,54.32,-31.78,36.82,0,0,29998.0
68957,-0.82,-0.82,-0.48,44.45,-69.72,56.49,0,0,30006.0
68965,-0.59,-0.78,-0.44,21.98,-93.38,78.26,0,0,30014.0
68973,-0.41,-0.70,-0.42,-1.54,-116.13,100.94,0,0,30022.0
68981,-0.35,-0.58,-0.40,-22.54,-139.86,129.01,0,0,30030.0
68989,-0.34,-0.47,-0.41,-39.48,-163.24,147.98,0,0,30038.0
68997,-0.44,-0.45,-0.46,-50.26,-190.47,160.02,0,0,30046.0
69005,-0.49,-0.49,-0.50,-53.55,-207.83,165.69,0,0,30054.0
69013,-0.46,-0.50,-0.54,-53.27,-224.28,170.17,0,0,30062.0
69021,-0.43,-0.47,-0.53,-54.81,-238.70,175.49,0,0,30070.0
69029,-0.40,-0.44,-0.52,-55.86,-258.44,180.60,0,0,30078.0
69037,-0.38,-0.42,-0.48,-65.31,-272.93,188.79,0,0,30086.0
69045,-0.37,-0.37,-0.47,-79.17,-286.09,197.19,0,0,30094.0
69053,-0.40,-0.28,-0.48,-93.38,-298.69,202.44,0,0,30102.0
69061,-0.43,-0.27,-0.53,-103.67,-311.15,204.47,0,0,30110.0
69069,-0.48,-0.35,-0.55,-109.90,-325.22,206.36,0,0,30118.0
69077,-0.52,-0.41,-0.58,-105.56,-333.76,205.94,1,0,30126.0
69085,-0.55,-0.39,-0.60,-92.05,-340.97,203.28,0,0,30134.0
69093,-0.58,-0.41,-0.61,-74.20,-346.92,199.57,0,0,30142.0
69101,-0.64,-0.48,-0.61,-59.64,-353.85,197.75,0,0,30150.0
69109,-0.75,-0.58,-0.64,-26.04,-358.89,195.65,0,0,30158.0
69117,-0.84,-0.64,-0.63,2.45,-362.60,194.32,0,0,30166.0
69125,-0.93,-0.66,-0.59,32.48,-364.21,196.21,0,0,30174.0
69133,-0.95,-0.51,-0.51,61.88,-360.29,200.13,0,0,30182.0
69141,-0.76,-0.36,-0.17,84.00,-341.53,202.02,0,0,30190.0
69149,-0.85,-0.34,-0.05,80.08,-322.77,207.41,0,0,30198.0
69156,-1.00,-0.24,-0.01,39.06,-303.94,214.41,0,0,30205.0
69164,-1.21,-0.13,-0.12,2.66,-285.60,218.12,0,0,30213.0
69172,-1.39,-0.21,-0.15,-14.49,-269.50,210.49,0,0,30221.0
69180,-1.42,-0.49,-0.33,-10.29,-256.13,189.14,0,0,30229.0
69188,-1.24,-0.53,-0.47,5.67,-233.66,167.16,0,0,30237.0
69196,-0.99,-0.41,-0.45,25.76,-210.49,138.46,0,0,30245.0
69204,-0.80,-0.15,-0.38,36.82,-182.07,102.13,0,0,30253.0
69212,-0.70,0.03,-0.31,25.55,-148.75,63.63,0,0,30261.0
69219,-0.69,0.09,-0.18,4.90,-110.67,27.51,0,0,30268.0
69227,-0.72,0.13,-0.01,-12.67,-67.62,-16.03,0,0,30276.0
69235,-0.70,0.02,0.00,-27.93,-24.57,-46.06,0,0,30284.0
69243,-0.58,-0.10,-0.11,-36.47,27.93,-77.98,0,0,30292.0
69251,-0.55,-0.26,-0.28,-27.58,65.10,-108.29,0,0,30300.0
69259,-0.55,-0.47,-0.47,-7.77,98.98,-134.89,0,0,30308.0
69267,-0.59,-0.65,-0.64,22.40,126.63,-178.43,0,0,30316.0
69275,-0.71,-0.86,-0.83,46.48,143.01,-183.40,0,0,30324.0
69282,-1.29,-0.56,-0.75,93.94,140.98,-171.15,0,0,30331.0
69290,-1.70,0.25,-0.31,179.13,106.47,-118.86,0,6,30339.0
69298,-2.33,1.11,0.26,258.09,73.01,-36.19,0,34,30347.0
69306,-2.87,1.59,0.51,268.59,65.17,13.02,0,48,30355.0
69313,-2.32,0.74,0.67,284.76,92.26,-40.74,0,54,30362.0
69321,-1.47,0.03,-0.22,248.36,120.47,-135.17,0,97,30370.0
69329,-1.68,0.70,-0.65,128.24,134.12,-148.68,0,119,30378.0
69336,-2.11,0.83,-1.05,61.74,132.79,-151.34,0,43,30385.0
69344,-1.60,0.98,-1.41,38.85,134.47,-167.58,0,37,30393.0
69352,-0.96,0.28,-1.40,61.53,145.74,-179.90,0,43,30401.0
69360,-0.70,-0.62,-1.24,81.06,139.37,-190.54,0,77,30409.0
69368,-0.73,-1.25,-0.97,36.68,130.06,-184.73,0,77,30417.0
69376,-0.76,-1.56,-0.87,-36.26,114.52,-156.03,0,84,30425.0
69384,-0.76,-1.49,-0.72,-84.21,96.81,-129.99,0,82,30433.0
69392,-0.74,-1.40,-0.64,-90.79,84.42,-107.80,0,69,30441.0
69400,-0.91,-1.37,-0.53,-67.76,77.42,-96.11,0,66,30449.0
69407,-1.04,-1.45,-0.34,-19.95,72.80,-81.62,0,36,30456.0
69415,-1.17,-1.47,-0.27,-6.02,68.25,-60.48,0,37,30464.0
69423,-1.22,-1.34,-0.35,17.01,64.61,-45.43,0,17,30472.0
69431,-1.22,-1.05,-0.32,36.19,60.48,-38.36,0,16,30480.0
69439,-1.19,-0.52,-0.29,45.85,53.13,-34.02,0,11,30488.0
69447,-1.20,-0.26,-0.29,41.23,46.83,-33.74,0,23,30496.0
69454,-1.12,-0.09,-0.34,21.21,42.42,-27.72,0,17,30503.0
69462,-1.10,0.06,-0.34,-14.84,39.27,-22.54,0,9,30511.0
69470,-1.13,0.10,-0.29,-35.49,35.91,-21.56,0,1,30519.0
69478,-1.07,-0.05,-0.17,-52.99,33.39,-18.55,0,0,30527.0
69486,-1.07,-0.19,-0.09,-62.23,31.36,-16.73,0,0,30535.0
69494,-1.10,-0.23,-0.03,-62.30,29.19,-16.31,1,2,30543.0
69502,-1.08,-0.25,0.03,-58.38,27.93,-15.68,1,0,30551.0
69510,-1.04,-0.22,0.08,-55.51,27.02,-13.86,4,0,30559.0
69518,-1.04,-0.15,0.13,-57.05,25.90,-11.62,2,1,30567.0
69526,-1.05,-0.08,0.09,-60.90,25.34,-10.78,4,0,30575.0
69534,-0.89,-0.05,0.07,-64.33,25.20,-11.48,6,0,30583.0
69541,-0.98,-0.08,0.04,-63.28,25.06,-13.37,5,0,30590.0
69549,-0.98,-0.10,0.02,-61.74,26.04,-13.86,10,0,30598.0
69557,-0.98,-0.09,0.03,-60.69,27.30,-13.51,10,0,30606.0
69566,-1.02,-0.01,0.06,-57.54,27.79,-16.80,13,0,30615.0
69576,-0.98,0.03,0.13,-61.18,32.20,-16.31,18,0,30625.0
69584,-0.96,0.08,0.17,-61.32,34.79,-18.34,17,0,30633.0
69592,-0.93,0.14,0.18,-65.45,38.01,-20.79,16,0,30641.0
69599,-0.90,0.21,0.24,-67.27,42.49,-26.88,17,0,30648.0
69607,-0.86,0.08,0.22,-59.50,45.92,-29.96,19,0,30656.0
69615,-0.83,0.03,0.22,-54.39,50.40,-31.50,21,0,30664.0
69623,-0.80,0.06,0.21,-53.06,55.58,-31.85,22,0,30672.0
69630,-0.85,0.10,0.19,-52.15,61.39,-33.74,29,0,30679.0
69638,-0.96,0.13,0.21,-50.33,68.81,-37.52,37,1,30687.0
69646,-1.00,0.03,0.25,-46.06,73.08,-38.64,37,1,30695.0
69654,-1.02,-0.00,0.33,-37.59,77.91,-40.46,25,0,30703.0
69662,-1.01,0.02,0.48,-34.30,82.88,-43.89,28,0,30711.0
69670,-0.97,0.25,0.56,-37.10,89.39,-51.38,32,0,30719.0
69678,-0.94,0.25,0.61,-37.03,96.18,-56.63,32,0,30727.0
69686,-0.97,0.20,0.60,-38.57,104.93,-61.88,29,0,30735.0
69694,-1.04,0.26,0.53,-33.32,111.65,-67.55,37,0,30743.0
69701,-1.13,0.22,0.41,-22.05,118.51,-74.27,32,0,30750.0
69709,-1.18,0.32,0.26,-19.32,124.95,-77.91,41,0,30758.0
69717,-1.18,0.44,0.21,-8.89,131.67,-82.74,41,0,30766.0
69725,-1.23,0.39,0.19,-5.60,139.09,-85.05,47,0,30774.0
69733,-1.28,0.49,0.19,-2.10,147.07,-87.29,45,0,30782.0
69740,-1.34,0.60,0.25,-3.78,156.52,-91.14,42,0,30789.0
69748,-1.38,0.71,0.31,-7.63,162.96,-97.16,48,0,30797.0
69756,-1.37,0.78,0.41,-34.02,169.82,-102.90,47,1,30805.0
69764,-1.38,0.79,0.49,-24.36,175.14,-109.55,45,0,30813.0
69772,-1.46,0.69,0.64,-24.85,178.92,-115.71,43,0,30821.0
69779,-1.56,0.61,0.70,-22.05,182.63,-119.77,43,0,30828.0
69787,-1.65,0.53,0.74,-15.82,183.96,-122.78,38,0,30836.0
69795,-1.74,0.68,0.85,-7.63,182.42,-124.39,45,0,30844.0
69803,-1.83,0.89,0.95,1.82,176.61,-132.93,44,0,30852.0
69810,-1.94,0.77,0.71,15.40,171.85,-143.50,30,0,30859.0
69818,-1.91,0.38,0.62,37.94,177.94,-158.83,16,0,30867.0
69826,-1.87,-0.08,0.48,45.78,190.68,-169.75,6,0,30875.0
69834,-1.97,-0.31,0.69,33.39,203.49,-171.01,5,0,30883.0
69841,-2.16,-0.57,-0.04,5.18,199.78,-157.22,5,0,30890.0
69849,-2.32,-0.52,0.00,-6.93,189.00,-124.88,4,0,30898.0
69857,-2.11,-0.70,-0.10,-5.11,164.01,-97.58,1,0,30906.0
69865,-1.77,-1.09,-0.42,16.38,143.57,-73.99,0,0,30914.0
69873,-1.43,-1.36,-0.81,29.05,125.30,-58.52,0,0,30922.0
69881,-1.08,-1.28,-0.92,29.05,105.70,-53.13,0,0,30930.0
69889,-1.06,-0.70,-0.75,52.71,77.98,-35.28,0,0,30938.0
69897,-1.38,-0.49,-0.56,82.60,46.41,-16.52,0,2,30946.0
69904,-1.44,-0.54,-0.47,100.52,-0.84,4.55,0,0,30953.0
69912,-1.21,-0.67,-0.41,105.07,-32.69,22.54,2,0,30961.0
69920,-0.85,-0.77,-0.40,92.89,-59.08,44.38,0,0,30969.0
69928,-0.61,-0.77,-0.41,63.35,-79.66,68.74,0,0,30977.0
69936,-0.47,-0.61,-0.39,28.28,-101.43,91.63,0,0,30985.0
69944,-0.37,-0.43,-0.36,-3.01,-124.32,118.09,0,0,30993.0
69952,-0.39,-0.29,-0.36,-25.48,-154.84,134.89,0,0,31001.0
69960,-0.43,-0.29,-0.40,-48.44,-174.86,149.03,0,0,31009.0
69968,-0.48,-0.41,-0.46,-56.77,-191.03,158.41,0,0,31017.0
69976,-0.47,-0.50,-0.48,-58.59,-208.04,168.07,0,0,31025.0
69984,-0.42,-0.50,-0.47,-61.18,-228.62,175.77,0,0,31033.0
69992,-0.37,-0.48,-0.45,-64.12,-244.09,181.51,1,0,31041.0
70000,-0.35,-0.46,-0.45,-71.61,-258.86,188.23,0,0,31049.0
70008,-0.34,-0.42,-0.45,-82.88,-272.16,196.14,0,0,31057.0
70016,-0.36,-0.32,-0.47,-94.36,-284.62,203.07,0,0,31065.0
70024,-0.37,-0.41,-0.53,-102.83,-300.86,209.86,0,0,31073.0
70032,-0.41,-0.44,-0.56,-99.61,-313.39,212.17,0,0,31081.0
70040,-0.47,-0.51,-0.61,-80.01,-323.05,211.89,0,0,31089.0
70048,-0.48,-0.54,-0.65,-58.03,-330.68,213.57,0,0,31097.0
70055,-0.53,-0.60,-0.69,-29.68,-338.59,216.30,0,0,31104.0
70063,-0.55,-0.65,-0.71,-2.73,-344.75,221.83,1,0,31112.0
70071,-0.69,-0.63,-0.68,17.92,-351.61,225.96,0,0,31120.0
70079,-0.74,-0.56,-0.66,47.53,-353.22,232.89,0,0,31128.0
70087,-0.80,-0.42,-0.55,70.35,-351.05,237.02,0,0,31136.0
70095,-0.84,-0.35,-0.35,87.36,-343.77,239.54,0,0,31144.0
70103,-0.87,-0.39,-0.18,92.19,-331.10,246.89,0,0,31152.0
70111,-0.94,-0.32,-0.09,82.18,-314.79,249.97,0,0,31160.0
70119,-1.16,-0.28,-0.05,62.30,-291.34,252.56,0,0,31168.0
70127,-1.37,-0.26,-0.08,34.09,-274.33,248.15,0,0,31176.0
70135,-1.63,-0.28,-0.15,26.67,-257.81,234.15,0,0,31184.0
70142,-1.52,-0.35,-0.41,29.40,-244.51,218.75,0,0,31191.0
70150,-1.37,-0.29,-0.46,36.54,-229.53,187.18,0,0,31199.0
70158,-1.13,-0.22,-0.44,40.95,-210.07,155.33,1,0,31207.0
70166,-0.82,-0.16,-0.38,37.73,-175.77,116.76,0,0,31215.0
70174,-0.70,-0.18,-0.33,22.82,-143.01,75.04,0,0,31223.0
70182,-0.64,-0.18,-0.24,7.42,-104.44,38.15,0,0,31231.0
70190,-0.66,-0.06,0.04,-4.41,-60.90,2.38,0,0,31239.0
70197,-0.67,-0.03,0.03,-19.81,-17.50,-44.31,0,0,31246.0
70205,-0.61,-0.24,-0.13,-30.94,41.23,-78.82,0,0,31254.0
70213,-0.58,-0.51,-0.34,-23.73,74.13,-111.30,0,0,31262.0
70221,-0.58,-0.75,-0.52,3.92,104.86,-139.30,0,1,31270.0
70229,-1.15,-0.66,-0.67,37.24,124.95,-156.73,0,0,31278.0
70237,-1.43,-0.31,-0.80,86.03,130.27,-151.55,0,0,31286.0
70245,-1.94,0.89,-0.27,173.46,106.26,-88.13,0,32,31294.0
70252,-2.74,1.51,0.22,215.67,79.10,-37.10,0,40,31301.0
70260,-2.90,1.14,0.20,202.93,80.22,-44.52,0,48,31309.0
70268,-1.64,0.16,0.32,190.75,110.25,-130.76,0,45,31317.0
70275,-1.24,0.61,-0.13,130.41,131.18,-154.00,0,79,31324.0
70283,-1.51,0.57,-0.63,78.19,131.88,-152.60,0,42,31332.0
70291,-1.59,0.43,-1.14,23.17,123.48,-161.42,0,46,31340.0
70299,-1.22,0.20,-1.36,35.21,133.35,-169.26,0,39,31348.0
70306,-0.91,-0.38,-1.18,75.67,139.02,-176.40,0,34,31355.0
70314,-0.77,-1.18,-0.97,76.93,131.88,-178.29,0,82,31363.0
70322,-0.71,-1.33,-0.76,37.03,121.24,-161.14,0,62,31371.0
70330,-0.83,-1.31,-0.67,-10.36,100.73,-141.47,0,85,31379.0
70338,-0.89,-1.38,-0.50,-48.30,88.06,-119.14,0,91,31387.0
70346,-0.89,-1.36,-0.44,-43.47,81.13,-102.20,0,83,31395.0
70356,-0.98,-1.34,-0.23,-16.17,73.78,-82.39,0,84,31405.0
70364,-1.10,-1.29,-0.23,0.98,69.65,-61.74,0,60,31413.0
70372,-1.16,-1.06,-0.32,18.83,66.01,-51.03,0,46,31421.0
70380,-1.15,-0.81,-0.34,52.36,61.74,-44.17,0,34,31429.0
70388,-1.15,-0.57,-0.26,49.00,55.37,-39.27,0,26,31437.0
70396,-1.17,-0.34,-0.27,48.37,49.14,-37.52,0,16,31445.0
70404,-1.00,-0.12,-0.31,35.70,43.05,-32.62,1,19,31453.0
70412,-1.10,0.05,-0.32,17.92,39.55,-28.77,0,21,31461.0
70421,-1.09,0.13,-0.24,-9.59,36.19,-26.25,0,0,31470.0
70429,-1.05,0.08,-0.16,-30.87,33.39,-23.73,0,0,31478.0
70436,-1.06,0.02,-0.10,-47.04,30.87,-23.17,0,0,31485.0
70444,-1.05,-0.03,-0.01,-57.05,29.26,-23.94,0,0,31493.0
70452,-1.03,-0.11,0.04,-58.94,28.35,-23.80,2,0,31501.0
70460,-1.01,-0.16,0.09,-57.05,27.44,-22.40,4,0,31509.0
70468,-1.01,-0.15,0.08,-54.67,27.09,-21.42,5,0,31517.0
70476,-1.00,-0.10,0.10,-56.21,27.23,-20.86,5,0,31525.0
70484,-0.99,-0.07,0.03,-57.75,27.02,-21.07,6,0,31533.0
70492,-0.98,-0.07,0.00,-54.46,27.37,-21.42,10,0,31541.0
70500,-0.99,-0.09,-0.03,-52.50,28.35,-21.77,10,0,31549.0
70507,-1.01,-0.06,-0.01,-53.55,28.98,-22.40,13,0,31556.0
70515,-1.02,-0.00,0.01,-53.06,29.61,-22.96,17,0,31564.0
70523,-1.01,0.05,0.04,-52.50,30.52,-24.57,18,0,31572.0
70531,-0.97,0.04,0.08,-49.91,32.48,-26.81,20,0,31580.0
70538,-0.92,0.00,0.15,-47.39,34.86,-28.28,20,0,31587.0
70546,-0.90,-0.06,0.18,-43.75,39.27,-29.26,21,0,31595.0
70554,-0.95,-0.06,0.18,-39.90,42.49,-30.52,25,0,31603.0
70562,-0.96,-0.01,0.19,-40.39,45.99,-32.13,25,0,31611.0
70570,-0.98,0.09,0.21,-45.01,49.14,-34.02,32,0,31619.0
70578,-1.04,0.10,0.24,-46.55,52.43,-36.19,32,0,31627.0
70585,-1.10,0.04,0.31,-42.70,56.70,-38.57,30,0,31634.0
70593,-1.08,0.05,0.40,-37.66,62.86,-41.09,39,0,31642.0
70601,-1.04,0.19,0.51,-33.04,88.20,-44.66,37,0,31650.0
70609,-1.00,0.34,0.60,-31.64,79.73,-49.42,39,0,31658.0
70617,-0.98,0.40,0.65,-29.33,87.08,-56.77,40,0,31666.0
70624,-0.96,0.45,0.65,-25.62,95.41,-64.61,37,0,31673.0
70632,-0.98,0.47,0.58,-21.63,103.95,-71.89,37,0,31681.0
70640,-1.06,0.48,0.45,-17.78,112.07,-78.82,47,0,31689.0
70648,-1.15,0.53,0.33,-14.56,119.70,-87.36,49,0,31697.0
70656,-1.20,0.53,0.26,-10.92,129.64,-92.68,51,0,31705.0
70664,-1.22,0.45,0.25,-3.43,137.97,-96.25,47,0,31713.0
70671,-1.24,0.40,0.29,3.64,147.35,-98.28,56,0,31720.0
70679,-1.30,0.48,0.30,4.34,155.26,-101.92,51,0,31728.0
70687,-1.37,0.53,0.33,0.00,161.35,-107.03,49,0,31736.0
70694,-1.42,0.59,0.35,-8.82,166.39,-112.00,43,0,31743.0
70702,-1.40,0.67,0.39,-18.97,170.66,-119.63,45,0,31751.0
70710,-1.37,0.74,0.45,-30.45,174.79,-124.39,51,0,31759.0
70718,-1.36,0.83,0.53,-42.91,177.66,-128.45,52,0,31767.0
70726,-1.48,0.84,0.63,-49.00,178.50,-136.64,48,0,31775.0
70733,-1.58,0.84,0.78,-54.53,177.73,-142.59,42,0,31782.0
70741,-1.72,0.74,0.89,-45.01,173.60,-150.01,42,0,31790.0
70749,-1.82,0.75,1.12,-28.63,166.74,-158.90,43,0,31798.0
70756,-1.91,0.70,0.77,-7.42,162.40,-169.96,34,0,31805.0
70764,-1.80,0.63,0.67,-8.47,171.22,-187.67,12,0,31813.0
70772,-1.67,0.37,0.82,-15.82,191.94,-201.74,5,0,31821.0
70780,-1.78,-0.29,0.38,-50.61,201.95,-189.14,5,0,31829.0
70788,-2.31,-0.31,0.12,-86.73,197.47,-168.35,5,0,31837.0
70795,-2.31,-0.34,-0.04,-102.20,186.41,-142.38,4,0,31844.0
70803,-2.02,-0.83,-0.13,-95.06,170.10,-113.26,2,0,31852.0
70811,-1.69,-1.26,-0.59,-75.74,149.17,-84.56,1,0,31860.0
70819,-1.38,-1.42,-0.85,-56.42,128.66,-68.04,0,1,31868.0
70827,-1.07,-1.13,-0.98,-36.68,107.87,-60.97,0,0,31876.0
70835,-1.36,-0.87,-0.87,17.92,61.95,-45.92,0,0,31884.0
70843,-1.63,-0.89,-0.71,104.37,24.64,-28.07,0,0,31892.0
70851,-1.59,-1.08,-0.60,149.73,-9.31,-11.55,0,0,31900.0
70858,-1.22,-1.11,-0.52,163.52,-40.18,1.96,1,0,31907.0
70866,-0.82,-0.97,-0.50,151.48,-64.89,21.42,0,0,31915.0
70874,-0.53,-0.67,-0.48,122.43,-86.24,53.62,0,0,31923.0
70882,-0.35,-0.48,-0.45,83.51,-115.50,79.10,0,0,31931.0
70890,-0.36,-0.41,-0.46,50.47,-138.88,101.36,0,0,31939.0
70898,-0.38,-0.41,-0.50,25.06,-160.30,118.37,0,0,31947.0
70906,-0.37,-0.48,-0.52,16.03,-179.48,134.47,0,0,31955.0
70914,-0.35,-0.62,-0.53,9.38,-196.49,154.28,0,0,31963.0
70922,-0.33,-0.61,-0.52,5.39,-229.60,167.86,0,0,31971.0
70930,-0.25,-0.59,-0.52,0.91,-231.49,181.16,0,0,31979.0
70937,-0.24,-0.53,-0.53,-13.58,-244.93,191.17,0,0,31986.0
70945,-0.27,-0.46,-0.53,-27.51,-256.97,196.14,0,0,31994.0
70953,-0.28,-0.39,-0.55,-43.68,-268.59,201.18,0,0,32002.0
70961,-0.27,-0.31,-0.57,-63.42,-279.65,208.95,0,0,32010.0
70969,-0.25,-0.29,-0.62,-81.76,-294.49,210.98,0,0,32018.0
70977,-0.25,-0.37,-0.68,-94.22,-306.04,212.45,0,0,32026.0
70985,-0.27,-0.47,-0.72,-88.06,-316.33,213.01,0,0,32034.0
70993,-0.32,-0.57,-0.75,-73.29,-325.22,214.20,0,0,32042.0
71001,-0.41,-0.63,-0.71,-52.85,-332.64,217.91,0,0,32050.0
71009,-0.53,-0.58,-0.65,-28.70,-337.75,222.81,0,0,32058.0
71017,-0.65,-0.59,-0.61,6.79,-338.59,228.06,0,0,32066.0
71025,-0.78,-0.65,-0.59,40.53,-338.24,232.54,0,0,32074.0
71033,-0.88,-0.78,-0.62,79.59,-335.30,238.91,0,0,32082.0
71041,-0.91,-0.64,-0.47,119.42,-321.65,242.55,0,0,32090.0
71049,-0.87,-0.47,-0.22,145.25,-306.46,245.63,0,0,32098.0
71057,-0.89,-0.31,-0.13,140.14,-288.68,250.60,0,0,32106.0
71065,-0.99,-0.07,-0.11,112.56,-270.83,253.33,0,0,32114.0
71073,-1.15,0.11,-0.08,74.62,-252.70,250.18,0,1,32122.0
71080,-1.29,0.15,-0.22,29.61,-236.53,238.77,0,0,32129.0
71088,-1.34,-0.03,-0.35,8.68,-224.84,216.44,0,0,32137.0
71096,-1.25,-0.12,-0.39,10.43,-211.82,196.07,0,0,32145.0
71104,-1.10,-0.11,-0.43,23.45,-189.91,166.60,0,0,32153.0
71111,-0.93,-0.09,-0.40,33.39,-168.98,132.93,0,0,32160.0
71119,-0.81,-0.14,-0.35,26.46,-144.48,98.91,0,0,32168.0
71127,-0.73,-0.22,-0.19,16.10,-115.36,64.75,0,0,32176.0
71135,-0.70,-0.22,-0.06,11.55,-81.69,32.97,0,0,32184.0
71143,-0.70,-0.13,0.03,16.17,-44.66,-10.01,0,0,32192.0
71151,-0.64,-0.17,-0.05,15.96,3.71,-42.28,0,0,32200.0
71159,-0.61,-0.26,-0.22,8.82,36.96,-72.87,0,0,32208.0
71167,-0.59,-0.38,-0.39,4.34,67.34,-101.08,0,0,32216.0
71175,-0.59,-0.54,-0.56,9.80,93.66,-128.10,0,0,32224.0
71182,-0.64,-0.83,-0.75,15.61,113.05,-158.83,0,0,32231.0
71190,-0.96,-0.81,-0.84,30.38,117.74,-159.25,0,0,32239.0
71198,-1.51,-0.14,-0.69,77.00,114.24,-136.92,0,0,32247.0
71206,-1.72,0.71,-0.04,146.72,93.24,-82.04,0,26,32255.0
71214,-2.42,1.27,0.55,172.55,70.98,-25.55,0,39,32263.0
71222,-2.62,1.16,0.55,177.59,74.13,-23.66,0,47,32271.0
71229,-2.00,0.16,0.10,151.27,98.35,-107.03,0,53,32278.0
71237,-1.77,0.41,-0.39,90.79,112.98,-151.55,0,50,32286.0
71245,-1.93,0.63,-0.68,8.05,118.16,-157.78,0,75,32294.0
71253,-1.48,0.71,-1.01,-12.18,117.46,-167.37,0,56,32302.0
71261,-1.04,0.27,-1.25,-6.44,130.13,-176.12,0,42,32310.0
71268,-0.82,-0.49,-1.29,28.42,135.52,-183.75,0,31,32317.0
71276,-0.72,-1.10,-1.12,24.22,131.39,-182.98,0,42,32325.0
71284,-0.74,-1.39,-1.00,-17.50,121.38,-165.69,0,50,32333.0
71292,-0.83,-1.54,-0.86,-51.31,104.30,-133.98,0,52,32341.0
71300,-0.80,-1.44,-0.76,-62.37,91.35,-111.23,0,50,32349.0
71308,-0.98,-1.30,-0.56,-42.42,81.90,-99.19,0,77,32357.0
71316,-1.13,-1.36,-0.31,-11.48,75.95,-88.90,0,61,32365.0
71324,-1.17,-1.40,-0.22,2.59,71.40,-69.65,0,52,32373.0
71332,-1.15,-1.21,-0.27,10.22,67.41,-51.17,0,62,32381.0
71340,-1.13,-0.87,-0.28,15.40,61.46,-42.00,0,52,32389.0
71348,-1.16,-0.59,-0.25,18.06,54.39,-35.63,0,36,32397.0
71355,-1.17,-0.43,-0.25,9.80,48.37,-31.92,0,39,32404.0
71363,-1.10,-0.30,-0.30,-7.91,44.38,-26.11,2,2,32412.0
71371,-1.10,-0.13,-0.29,-26.39,40.88,-21.98,5,1,32420.0
71379,-1.12,-0.09,-0.25,-40.11,37.59,-17.71,4,0,32428.0
71387,-1.10,-0.21,-0.21,-53.48,33.67,-14.56,2,1,32436.0
71395,-1.11,-0.27,-0.17,-58.31,30.94,-13.09,4,0,32444.0
71403,-1.11,-0.27,-0.12,-55.09,28.56,-13.09,4,0,32452.0
71411,-1.10,-0.25,-0.08,-50.47,26.04,-12.53,7,0,32460.0
71419,-1.07,-0.12,-0.02,-51.31,24.64,-10.15,4,0,32468.0
71427,-1.03,0.01,0.03,-58.03,24.36,-7.42,8,0,32476.0
71435,-1.01,0.08,0.03,-71.89,23.52,-8.05,11,0,32484.0
71443,-1.01,0.03,0.01,-71.05,22.75,-9.45,10,0,32492.0
71451,-1.03,-0.09,-0.01,-69.02,22.82,-10.29,13,0,32500.0
71458,-1.03,-0.14,-0.01,-65.87,24.15,-11.20,16,0,32507.0
71466,-1.04,-0.08,0.03,-63.14,25.62,-12.39,17,0,32515.0
71474,-1.01,-0.02,0.08,-63.00,29.40,-12.39,17,0,32523.0
71482,-0.97,0.03,0.13,-68.46,31.57,-11.62,18,0,32531.0
71490,-0.96,0.08,0.20,-69.58,33.46,-15.68,21,0,32539.0
71498,-0.94,0.06,0.30,-71.26,37.10,-19.60,21,0,32547.0
71505,-0.86,0.07,0.35,-69.44,41.72,-24.50,20,0,32554.0
71513,-0.84,-0.00,0.35,-66.64,46.13,-25.76,24,2,32562.0
71521,-0.80,0.01,0.34,-63.70,50.82,-28.91,56,0,32570.0
71529,-0.80,0.10,0.37,-63.49,55.93,-33.46,83,0,32578.0
71536,-0.89,0.15,0.36,-59.64,63.49,-38.92,90,0,32585.0
71544,-0.87,0.09,0.37,-52.99,70.14,-40.88,64,0,32593.0
71552,-0.87,0.16,0.41,-46.27,77.42,-44.87,68,0,32601.0
71560,-0.87,0.25,0.42,-44.10,84.35,-48.79,34,0,32609.0
71567,-0.89,0.35,0.43,-44.10,91.14,-53.83,33,0,32616.0
71575,-0.92,0.35,0.41,-38.57,97.37,-59.78,32,0,32624.0
71583,-0.94,0.26,0.42,-28.00,103.95,-65.52,31,0,32632.0
71591,-0.98,0.20,0.43,-18.97,111.86,-71.68,31,0,32640.0
71598,-1.05,0.30,0.39,-10.71,119.35,-76.30,35,0,32647.0
71606,-1.18,0.32,0.37,-2.66,128.24,-81.62,35,0,32655.0
71614,-1.25,0.37,0.33,1.12,134.89,-86.24,37,0,32663.0
71622,-1.26,0.39,0.31,8.89,142.10,-90.65,42,0,32671.0
71629,-1.24,0.40,0.36,11.27,150.22,-94.08,39,0,32678.0
71637,-1.28,0.45,0.37,15.75,158.34,-96.74,46,0,32686.0
71645,-1.32,0.50,0.37,15.96,166.25,-101.15,43,0,32694.0
71652,-1.35,0.62,0.38,13.79,172.83,-107.52,50,0,32701.0
71660,-1.40,0.87,0.39,5.39,178.08,-117.67,46,0,32709.0
71668,-1.43,0.93,0.46,-8.19,181.65,-124.88,50,0,32717.0
71676,-1.61,0.90,0.50,-17.78,185.01,-130.76,57,0,32725.0
71684,-1.63,0.82,0.60,-21.91,185.85,-136.22,52,0,32733.0
71691,-1.75,0.82,0.83,-20.16,184.80,-137.62,39,0,32740.0
71699,-1.86,0.80,0.81,-1.82,178.78,-142.24,42,0,32748.0
71707,-1.95,0.68,0.84,24.43,171.92,-149.87,36,0,32756.0
71715,-1.89,0.36,0.73,36.82,174.23,-167.51,20,0,32764.0
71722,-1.91,0.03,0.60,40.53,182.77,-176.68,7,0,32771.0
71730,-2.02,-0.31,0.64,31.85,198.66,-179.41,3,0,32779.0
71738,-2.17,-0.71,0.23,1.47,203.28,-167.79,8,0,32787.0
71746,-2.37,-0.76,-0.06,-16.31,197.89,-145.60,6,0,32795.0
71753,-2.23,-0.81,-0.11,-13.09,183.61,-118.65,0,1,32802.0
71761,-1.93,-1.19,-0.43,0.49,162.33,-90.51,0,0,32810.0
71769,-1.62,-1.50,-0.76,19.46,140.14,-67.27,0,0,32818.0
71777,-1.27,-1.32,-0.92,30.10,122.85,-56.07,0,0,32826.0
71785,-1.04,-0.85,-0.73,56.49,93.59,-40.18,0,0,32834.0
71793,-1.45,-0.57,-0.58,84.07,49.56,-14.84,0,0,32842.0
71800,-1.47,-0.60,-0.49,95.06,13.72,9.31,0,0,32849.0
71808,-1.20,-0.77,-0.46,85.82,-16.45,26.60,0,0,32857.0
71816,-0.87,-0.85,-0.45,67.76,-39.90,47.11,0,0,32865.0
71824,-0.64,-0.79,-0.45,41.72,-59.43,70.56,0,0,32873.0
71832,-0.48,-0.59,-0.44,15.33,-80.92,101.08,0,0,32881.0
71840,-0.41,-0.47,-0.43,-8.33,-103.53,120.89,0,0,32889.0
71848,-0.41,-0.41,-0.43,-24.85,-133.70,139.58,0,0,32897.0
71855,-0.43,-0.43,-0.47,-35.35,-154.35,153.86,0,0,32904.0
71863,-0.43,-0.50,-0.49,-37.03,-173.39,163.94,0,0,32912.0
71871,-0.42,-0.53,-0.48,-35.91,-191.31,171.64,0,0,32920.0
71879,-0.39,-0.52,-0.48,-34.44,-208.46,181.51,0,0,32928.0
71887,-0.36,-0.52,-0.48,-32.41,-229.39,188.37,0,1,32936.0
71895,-0.34,-0.49,-0.48,-32.34,-243.60,195.72,0,0,32944.0
71903,-0.31,-0.44,-0.49,-37.10,-256.69,203.98,0,0,32952.0
71911,-0.32,-0.25,-0.52,-42.70,-268.94,213.64,0,0,32960.0
71919,-0.34,-0.33,-0.56,-47.04,-280.49,217.91,0,0,32968.0
71927,-0.35,-0.42,-0.62,-50.75,-294.35,223.65,0,0,32976.0
71935,-0.40,-0.42,-0.63,-41.09,-305.76,226.87,0,0,32984.0
71943,-0.43,-0.46,-0.65,-29.26,-314.30,229.11,0,0,32992.0
71951,-0.46,-0.48,-0.66,-14.28,-322.42,232.40,0,0,33000.0
71959,-0.50,-0.56,-0.70,0.35,-332.71,238.35,0,0,33008.0
71967,-0.58,-0.57,-0.71,15.89,-339.71,242.41,0,0,33016.0
71975,-0.66,-0.50,-0.65,30.59,-343.42,244.93,0,0,33024.0
71983,-0.70,-0.44,-0.54,45.71,-342.93,248.29,0,0,33032.0
71991,-0.75,-0.37,-0.40,58.17,-338.73,252.35,0,0,33040.0
71999,-0.78,-0.40,-0.26,65.17,-327.04,255.71,0,0,33048.0
72007,-0.88,-0.46,-0.13,65.31,-314.44,259.42,0,0,33056.0
72015,-1.00,-0.46,-0.06,53.41,-299.39,261.52,0,0,33064.0
72023,-1.20,-0.39,0.03,37.10,-281.96,259.07,0,0,33072.0
72031,-1.40,-0.26,-0.02,17.64,-264.32,247.10,1,0,33080.0
72039,-1.57,-0.22,-0.19,3.78,-249.34,234.15,0,5,33088.0
72047,-1.52,-0.17,-0.35,-5.18,-232.05,215.88,0,1,33096.0
72055,-1.33,-0.08,-0.39,-10.92,-216.09,189.21,0,0,33104.0
72063,-1.05,-0.12,-0.38,-19.67,-194.74,156.52,0,0,33112.0
72071,-0.85,-0.25,-0.34,-27.37,-169.40,103.81,0,1,33120.0
72079,-0.73,-0.42,-0.32,-33.32,-129.22,66.22,0,0,33128.0
72086,-0.73,-0.39,-0.18,-36.33,-92.68,32.55,0,0,33135.0
72094,-0.69,-0.21,0.04,-38.08,-51.31,-2.87,0,0,33143.0
72102,-0.60,-0.14,0.01,-52.08,-10.29,-37.52,0,0,33151.0
72110,-0.56,-0.21,-0.18,-60.97,28.07,-84.00,0,0,33159.0
72118,-0.56,-0.48,-0.39,-55.23,63.98,-115.85,0,0,33167.0
72126,-0.58,-0.68,-0.50,-37.52,106.19,-143.92,0,0,33175.0
72134,-0.67,-0.80,-0.78,-16.03,128.45,-167.65,0,0,33183.0
72142,-0.92,-0.88,-0.90,4.13,133.63,-179.27,0,0,33191.0
72150,-1.53,-0.40,-0.58,78.19,127.68,-147.14,0,0,33199.0
72158,-1.64,0.77,0.03,152.74,101.57,-76.79,0,11,33207.0
72166,-2.39,1.19,0.40,208.25,64.33,3.01,0,29,33215.0
72173,-2.73,0.85,0.44,247.03,69.16,10.15,0,46,33222.0
72181,-1.73,-0.50,0.23,264.11,92.33,-80.92,0,46,33230.0
72189,-1.26,0.49,-0.14,203.77,114.52,-128.10,0,67,33238.0
72196,-1.70,0.99,-0.30,144.55,121.10,-139.30,0,75,33245.0
72204,-1.92,0.85,-0.97,129.43,119.00,-157.85,0,42,33253.0
72212,-1.47,0.39,-1.08,124.18,123.13,-172.13,0,45,33261.0
72220,-1.07,-0.30,-1.08,129.92,129.57,-186.06,0,43,33269.0
72227,-0.88,-1.11,-0.95,87.08,132.51,-183.26,0,55,33276.0
72236,-0.89,-1.15,-1.01,34.23,119.63,-167.65,0,64,33285.0
72244,-0.85,-0.95,-0.88,-59.78,103.04,-143.78,0,51,33293.0
72252,-0.78,-0.82,-0.63,-112.28,87.29,-121.10,0,76,33301.0
72260,-0.79,-0.91,-0.63,-124.11,79.17,-101.78,0,70,33309.0
72268,-0.94,-1.14,-0.56,-101.22,77.00,-89.32,0,61,33317.0
72276,-1.04,-1.47,-0.45,-44.17,73.85,-72.38,0,69,33325.0
72284,-1.18,-1.57,-0.44,0.70,68.46,-56.28,0,49,33333.0
72291,-1.27,-1.38,-0.42,47.39,63.28,-47.81,0,41,33340.0
72299,-1.25,-0.83,-0.37,81.06,57.19,-46.62,0,26,33348.0
72307,-1.20,-0.33,-0.35,92.33,50.19,-45.78,0,19,33356.0
72315,-1.12,-0.04,-0.35,76.93,41.65,-41.79,0,3,33364.0
72323,-1.08,0.18,-0.32,26.67,37.45,-36.54,0,0,33372.0
72331,-1.06,0.26,-0.24,-18.34,34.44,-31.08,0,1,33380.0
72338,-1.04,0.18,-0.16,-56.70,31.50,-25.83,2,1,33387.0
72346,-1.07,0.01,-0.05,-76.79,29.68,-24.92,2,1,33395.0
72354,-1.10,-0.25,-0.01,-77.21,28.21,-26.81,6,0,33403.0
72362,-1.05,-0.39,0.02,-64.33,25.76,-26.95,4,0,33411.0
72370,-1.01,-0.41,0.05,-48.86,25.27,-25.20,7,0,33419.0
72378,-0.97,-0.30,0.05,-33.60,24.85,-22.68,8,0,33427.0
72386,-0.96,-0.11,0.10,-38.29,25.55,-20.23,10,0,33435.0
72394,-0.99,0.05,0.05,-40.60,25.06,-20.23,12,0,33443.0
72402,-1.00,0.04,0.03,-44.38,24.92,-21.77,14,0,33451.0
72410,-1.00,0.03,0.01,-49.56,26.46,-24.50,16,0,33459.0
72417,-1.00,0.01,0.02,-52.01,27.58,-26.74,16,0,33466.0
72425,-0.98,0.04,0.04,-53.48,29.12,-27.02,20,0,33474.0
72433,-0.99,0.06,0.08,-53.83,32.34,-27.86,19,0,33482.0
72441,-0.98,0.10,0.10,-54.04,34.09,-28.91,20,0,33490.0
72449,-0.95,0.12,0.15,-53.69,36.89,-34.02,20,0,33498.0
72456,-0.96,0.03,0.18,-51.45,40.32,-35.49,23,0,33505.0
72464,-0.90,0.06,0.18,-47.81,44.80,-38.64,26,0,33513.0
72472,-0.90,0.03,0.18,-44.80,47.95,-40.32,28,0,33521.0
72480,-0.87,-0.07,0.16,-41.86,51.87,-38.15,25,0,33529.0
72488,-0.94,-0.00,0.19,-41.44,56.28,-40.67,31,0,33537.0
72496,-1.02,0.03,0.21,-40.18,60.48,-44.73,33,0,33545.0
72504,-1.07,-0.02,0.24,-37.45,65.03,-45.29,34,0,33553.0
72511,-1.10,0.06,0.33,-38.36,71.19,-47.67,28,0,33560.0
72519,-1.08,0.17,0.41,-41.44,77.28,-51.66,38,0,33568.0
72527,-1.03,0.28,0.50,-45.43,84.28,-56.35,39,0,33576.0
72535,-0.99,0.33,0.56,-46.27,91.00,-60.76,41,0,33584.0
72543,-0.99,0.37,0.59,-40.88,98.98,-66.99,40,0,33592.0
72551,-1.03,0.35,0.56,-32.62,107.87,-75.60,46,0,33600.0
72558,-1.07,0.43,0.51,-24.71,117.25,-81.55,47,0,33607.0
72566,-1.12,0.52,0.42,-18.20,129.22,-88.62,48,0,33615.0
72574,-1.14,0.53,0.41,-12.39,138.04,-95.34,55,0,33623.0
72582,-1.16,0.45,0.43,-3.64,148.12,-99.61,53,0,33631.0
72590,-1.25,0.50,0.42,-1.47,158.55,-103.60,53,0,33639.0
72598,-1.36,0.63,0.42,-2.45,166.74,-109.83,60,0,33647.0
72606,-1.41,0.77,0.41,-9.45,173.81,-119.21,52,0,33655.0
72613,-1.43,0.92,0.40,-19.74,180.88,-128.03,42,0,33662.0
72621,-1.45,0.96,0.49,-31.01,185.01,-136.36,48,0,33670.0
72629,-1.52,0.91,0.55,-36.47,187.95,-141.61,48,0,33678.0
72637,-1.64,0.80,0.65,-37.52,190.26,-145.11,50,0,33686.0
72644,-1.76,0.73,0.73,-34.23,188.86,-146.30,41,0,33693.0
72652,-1.92,0.67,0.89,-22.75,182.63,-149.10,45,0,33701.0
72660,-2.03,0.86,0.81,-9.24,173.67,-160.02,41,0,33709.0
72668,-2.07,0.67,0.71,-5.74,171.99,-173.81,19,0,33717.0
72676,-1.84,0.20,0.62,-6.37,184.31,-184.24,7,0,33725.0
72684,-1.83,-0.25,0.61,-9.59,199.92,-184.80,5,0,33733.0
72692,-1.93,-0.71,0.38,-35.35,200.83,-171.36,3,0,33741.0
72699,-2.18,-0.88,-0.15,-42.63,192.01,-145.81,4,0,33748.0
72707,-2.16,-0.80,-0.21,-39.76,177.31,-105.63,1,0,33756.0
72715,-1.90,-1.06,-0.50,-28.49,155.61,-79.24,0,0,33764.0
72723,-1.51,-1.31,-0.72,-15.75,124.88,-63.14,0,0,33772.0
72731,-1.18,-1.25,-0.97,3.85,102.34,-59.01,0,0,33780.0
72739,-1.17,-0.93,-0.75,45.92,71.54,-41.79,0,0,33788.0
72747,-1.40,-0.65,-0.58,87.71,36.33,-10.43,0,0,33796.0
72755,-1.27,-0.73,-0.50,119.28,-12.60,8.96,0,0,33804.0
72763,-1.04,-0.89,-0.43,134.96,-44.66,23.31,1,0,33812.0
72771,-0.80,-0.92,-0.42,133.77,-73.08,40.39,0,0,33820.0
72779,-0.56,-0.85,-0.40,119.00,-96.46,62.65,0,0,33828.0
72787,-0.38,-0.71,-0.38,94.43,-117.39,107.38,0,0,33836.0
72795,-0.39,-0.48,-0.37,72.45,-139.44,121.52,0,0,33844.0
72803,-0.38,-0.37,-0.38,54.53,-166.81,140.98,0,0,33852.0
72810,-0.40,-0.32,-0.40,39.83,-184.10,155.75,0,0,33859.0
72818,-0.41,-0.36,-0.41,21.00,-199.15,167.72,0,0,33867.0
72826,-0.41,-0.42,-0.42,9.52,-213.57,178.36,0,0,33875.0
72834,-0.38,-0.50,-0.42,0.84,-227.43,195.30,0,0,33883.0
72842,-0.35,-0.53,-0.43,-6.37,-240.10,208.53,0,0,33891.0
72851,-0.33,-0.54,-0.42,-15.75,-255.71,221.34,0,0,33900.0
72859,-0.32,-0.53,-0.42,-23.73,-266.00,233.38,0,0,33908.0
72867,-0.40,-0.49,-0.41,-30.45,-277.06,244.65,0,0,33916.0
72875,-0.25,-0.50,-0.45,-42.35,-286.09,254.66,0,0,33924.0
72883,-0.45,-0.45,-0.48,-41.93,-294.77,258.51,0,0,33932.0
72891,-0.56,-0.53,-0.50,-31.57,-301.28,261.31,0,0,33940.0
72898,-0.67,-0.49,-0.52,-21.21,-307.93,255.36,0,0,33947.0
72906,-0.71,-0.39,-0.53,-20.86,-313.32,256.41,0,0,33955.0
72914,-0.67,-0.45,-0.52,-29.26,-319.13,266.28,0,0,33963.0
72922,-0.65,-0.42,-0.53,-40.60,-324.03,276.92,0,0,33971.0
72930,-0.77,-0.27,-0.45,-53.20,-327.74,277.90,0,0,33979.0
72938,-0.87,-0.14,-0.30,-59.36,-325.85,272.23,0,0,33987.0
72946,-0.94,-0.33,-0.20,-67.13,-320.81,272.16,0,0,33995.0
72954,-1.09,-0.32,-0.14,-74.41,-309.40,258.58,0,0,34003.0
72962,-1.16,-0.39,-0.10,-71.40,-297.43,245.56,0,0,34011.0
72970,-1.32,-0.37,-0.24,-63.14,-284.69,230.23,0,0,34019.0
72978,-1.42,-0.41,-0.21,-52.71,-271.67,201.46,0,0,34027.0
72986,-1.49,-0.37,-0.31,-45.50,-257.32,197.05,0,0,34035.0
72994,-1.40,-0.37,-0.40,-33.67,-236.04,180.11,0,0,34043.0
73002,-1.21,-0.34,-0.45,-32.13,-216.23,160.72,0,0,34051.0
73010,-1.05,-0.32,-0.49,-27.86,-193.83,135.31,0,0,34059.0
73018,-0.91,-0.45,-0.50,-8.12,-168.21,91.28,0,0,34067.0
73026,-0.77,-0.41,-0.41,14.63,-125.09,54.88,0,0,34075.0
73034,-0.72,-0.22,-0.21,22.05,-86.59,21.00,0,0,34083.0
73042,-0.67,-0.03,-0.08,9.38,-45.85,-13.72,0,0,34091.0
73050,-0.57,-0.09,-0.15,-1.68,-4.69,-48.09,0,0,34099.0
73058,-0.51,-0.38,-0.30,4.69,34.79,-93.45,0,0,34107.0
73066,-0.54,-0.58,-0.49,19.67,88.90,-123.20,0,0,34115.0
73074,-0.60,-0.68,-0.66,33.81,111.23,-149.87,0,0,34123.0
73082,-0.70,-0.70,-0.90,43.05,127.82,-171.64,0,0,34131.0
73090,-1.36,-0.54,-0.84,69.51,133.42,-172.69,0,0,34139.0
73098,-1.48,-0.04,-0.07,139.30,118.79,-143.22,0,4,34147.0
73106,-2.04,0.95,0.51,208.11,89.74,-49.84,0,30,34155.0
73113,-2.94,1.19,0.44,242.06,67.83,1.47,1,42,34162.0
73121,-2.47,0.31,0.49,266.49,89.18,-52.50,0,40,34170.0
73129,-1.44,0.03,-0.01,240.38,109.97,-138.95,0,94,34178.0
73136,-1.33,0.77,-0.21,108.57,122.36,-145.67,0,155,34185.0
73144,-1.69,0.88,-0.72,71.05,118.44,-150.57,0,145,34193.0
73152,-1.40,0.67,-1.01,67.62,120.68,-161.28,0,47,34201.0
73160,-1.05,-0.06,-1.04,92.47,128.03,-178.29,0,37,34209.0
73167,-0.93,-1.03,-1.18,96.04,134.82,-196.49,0,29,34216.0
73175,-0.93,-1.21,-1.29,48.09,139.23,-183.33,0,39,34224.0
73183,-1.10,-0.91,-1.11,-5.88,118.23,-159.25,0,21,34232.0
73191,-0.99,-0.81,-0.82,-84.56,97.58,-129.99,0,46,34240.0
73199,-0.76,-0.88,-0.72,-133.14,86.73,-106.05,0,56,34248.0
73207,-0.76,-1.09,-0.63,-111.30,82.53,-91.70,0,46,34256.0
73215,-0.94,-1.56,-0.49,-68.32,78.82,-78.61,0,53,34264.0
73223,-1.11,-1.67,-0.42,-21.63,72.10,-62.30,0,54,34272.0
73231,-1.24,-1.50,-0.37,36.96,66.36,-51.94,0,63,34280.0
73239,-1.29,-1.06,-0.29,67.55,60.27,-47.46,1,54,34288.0
73247,-1.22,-0.58,-0.22,77.77,54.53,-45.99,0,11,34296.0
73255,-1.14,-0.26,-0.22,64.61,48.86,-37.45,2,2,34304.0
73263,-1.07,-0.06,-0.20,30.73,44.45,-29.19,4,0,34312.0
73270,-1.05,0.08,-0.15,-11.62,39.62,-22.96,6,1,34319.0
73278,-1.06,0.08,-0.12,-56.77,36.12,-20.30,5,0,34327.0
73286,-1.07,-0.03,-0.09,-69.72,32.34,-21.35,6,0,34335.0
73295,-1.09,-0.27,-0.06,-67.69,29.68,-22.61,4,0,34344.0
73302,-1.07,-0.36,-0.03,-60.20,28.63,-20.65,6,0,34351.0
73310,-1.04,-0.30,-0.00,-48.23,27.51,-18.97,10,0,34359.0
73318,-1.03,-0.17,0.04,-40.11,27.16,-17.01,15,0,34367.0
73326,-1.01,-0.01,0.11,-46.13,27.37,-16.38,14,0,34375.0
73334,-1.01,0.06,0.09,-50.19,27.09,-16.94,14,0,34383.0
73342,-1.01,0.01,0.09,-52.50,27.44,-19.81,19,0,34391.0
73350,-0.99,-0.04,0.08,-52.08,28.49,-22.26,17,0,34399.0
73358,-0.96,-0.04,0.07,-49.98,30.10,-23.17,21,0,34407.0
73365,-0.95,-0.01,0.09,-47.67,32.62,-24.57,20,0,34414.0
73373,-0.92,0.03,0.10,-47.25,34.93,-26.88,22,0,34422.0
73381,-0.91,0.10,0.14,-48.93,37.45,-29.40,23,1,34430.0
73389,-0.89,0.12,0.16,-51.87,40.67,-31.78,26,0,34438.0
73397,-0.89,0.08,0.17,-52.08,43.54,-34.09,28,0,34446.0
73404,-0.89,-0.01,0.17,-49.14,46.62,-36.61,29,0,34453.0
73412,-0.92,-0.04,0.16,-46.83,51.03,-38.36,28,0,34461.0
73420,-0.93,-0.02,0.16,-46.55,54.46,-40.18,32,0,34469.0
73428,-0.96,0.01,0.21,-48.93,58.24,-41.72,36,0,34477.0
73436,-1.03,-0.00,0.22,-51.87,62.58,-42.21,36,0,34485.0
73444,-1.05,0.06,0.26,-53.41,67.27,-44.38,36,0,34493.0
73452,-1.04,0.13,0.34,-55.09,74.41,-46.55,37,0,34501.0
73460,-0.99,0.20,0.41,-55.44,81.13,-50.61,38,0,34509.0
73468,-0.99,0.22,0.49,-51.73,88.20,-55.16,41,0,34517.0
73476,-1.00,0.20,0.52,-46.41,95.76,-59.71,44,0,34525.0
73483,-1.04,0.23,0.50,-42.49,102.34,-64.19,44,0,34532.0
73491,-1.12,0.35,0.50,-37.24,110.25,-72.10,44,0,34540.0
73499,-1.17,0.43,0.48,-35.35,118.16,-78.05,45,0,34548.0
73506,-1.20,0.53,0.46,-33.88,129.22,-84.49,48,0,34555.0
73514,-1.20,0.55,0.46,-29.82,137.55,-91.63,47,0,34563.0
73522,-1.23,0.50,0.48,-21.00,148.47,-97.09,52,0,34571.0
73530,-1.29,0.56,0.44,-15.33,157.78,-101.50,54,0,34579.0
73538,-1.36,0.67,0.44,-15.47,166.67,-107.45,52,0,34587.0
73546,-1.40,0.80,0.43,-19.39,173.32,-119.35,54,0,34595.0
73554,-1.44,0.90,0.42,-31.22,180.81,-123.41,48,0,34603.0
73562,-1.48,1.00,0.50,-42.91,185.50,-128.52,43,0,34611.0
73569,-1.52,1.01,0.61,-56.07,188.79,-134.75,45,0,34618.0
73577,-1.57,0.91,0.75,-54.39,189.84,-140.84,47,0,34626.0
73585,-1.59,0.77,0.84,-42.91,189.98,-142.94,48,0,34634.0
73593,-1.63,0.63,0.89,-27.09,187.04,-141.68,45,0,34642.0
73600,-1.88,0.68,0.90,0.14,181.72,-153.23,34,0,34649.0
73608,-1.88,0.48,0.70,16.94,184.59,-168.98,17,2,34657.0
73616,-1.89,0.13,0.63,31.36,194.46,-181.93,3,0,34665.0
73623,-1.95,-0.20,0.64,37.10,208.53,-183.75,3,0,34672.0
73631,-2.15,-0.66,0.22,11.90,205.10,-167.09,3,0,34680.0
73639,-2.32,-0.60,0.09,-4.83,195.86,-141.26,5,0,34688.0
73647,-2.17,-0.62,-0.10,-2.66,181.86,-108.22,0,0,34696.0
73655,-1.81,-1.04,-0.29,6.51,164.50,-57.33,0,0,34704.0
73663,-1.52,-1.52,-0.60,22.40,146.86,-41.16,0,0,34712.0
73671,-1.11,-1.51,-0.93,33.60,123.90,-30.31,0,0,34720.0
73679,-1.21,-1.16,-0.85,64.47,96.81,-9.24,0,0,34728.0
73686,-1.47,-0.76,-0.74,124.60,65.24,16.10,0,0,34735.0
73694,-1.50,-0.61,-0.71,151.97,31.36,39.13,0,0,34743.0
73702,-1.24,-0.65,-0.61,151.97,-1.26,58.73,0,0,34751.0
73710,-0.95,-0.67,-0.55,133.14,-31.71,84.14,0,0,34759.0
73718,-0.68,-0.63,-0.49,100.31,-56.84,104.86,0,0,34767.0
73726,-0.43,-0.53,-0.42,58.59,-85.54,126.14,0,0,34775.0
73734,-0.31,-0.38,-0.42,13.58,-109.62,146.58,0,0,34783.0
73742,-0.30,-0.36,-0.42,-15.68,-131.81,167.51,0,0,34791.0
73750,-0.35,-0.40,-0.45,-37.59,-153.16,188.23,0,0,34799.0
73758,-0.40,-0.45,-0.48,-53.55,-179.69,199.50,0,0,34807.0
73766,-0.43,-0.44,-0.50,-67.55,-199.36,208.88,0,0,34815.0
73774,-0.44,-0.42,-0.50,-84.56,-218.75,216.37,0,0,34823.0
73782,-0.45,-0.40,-0.51,-95.20,-237.65,222.95,0,0,34831.0
73790,-0.43,-0.39,-0.53,-106.12,-255.01,230.37,0,1,34839.0
73798,-0.43,-0.40,-0.55,-115.92,-276.50,234.08,0,0,34847.0
73806,-0.43,-0.41,-0.56,-126.28,-291.13,236.32,0,0,34855.0
73814,-0.48,-0.44,-0.62,-130.06,-305.48,235.83,0,0,34863.0
73822,-0.55,-0.51,-0.66,-126.77,-319.13,234.50,0,0,34871.0
73830,-0.61,-0.55,-0.65,-114.17,-330.19,231.77,1,0,34879.0
73837,-0.65,-0.49,-0.65,-92.96,-343.07,226.73,0,0,34886.0
73845,-0.65,-0.47,-0.64,-70.07,-350.70,222.88,0,0,34894.0
73853,-0.70,-0.47,-0.65,-40.18,-357.14,217.70,0,1,34902.0
73861,-0.76,-0.50,-0.60,-17.85,-360.78,214.41,0,0,34910.0
73869,-0.80,-0.58,-0.54,4.76,-361.41,215.11,0,0,34918.0
73877,-0.83,-0.53,-0.42,24.15,-355.74,215.88,0,0,34926.0
73885,-0.83,-0.46,-0.16,45.57,-338.87,216.30,0,0,34934.0
73893,-0.88,-0.44,-0.01,51.66,-319.90,219.24,0,0,34942.0
73901,-1.01,-0.42,0.06,41.86,-299.67,223.16,0,0,34950.0
73909,-1.13,-0.39,0.03,26.46,-279.44,224.49,0,0,34958.0
73917,-1.26,-0.42,-0.09,11.20,-260.96,217.00,0,0,34966.0
73925,-1.39,-0.45,-0.24,3.57,-240.10,204.26,0,0,34974.0
73932,-1.36,-0.50,-0.39,2.80,-226.38,188.44,0,0,34981.0
73940,-1.18,-0.49,-0.45,17.15,-210.35,167.44,0,0,34989.0
73948,-1.05,-0.38,-0.46,35.35,-189.70,137.48,0,0,34997.0
73956,-0.96,-0.27,-0.44,45.85,-165.41,90.58,0,0,35005.0
73964,-0.89,-0.30,-0.39,43.19,-138.74,56.07,0,0,35013.0
73972,-0.85,-0.37,-0.30,33.74,-96.11,26.11,0,0,35021.0
73980,-0.82,-0.39,-0.21,30.59,-59.64,-3.15,0,0,35029.0
73988,-0.74,-0.43,-0.18,35.21,-21.98,-32.34,0,0,35037.0
73996,-0.70,-0.49,-0.28,42.21,13.79,-64.47,0,0,35045.0
74003,-0.72,-0.63,-0.47,47.46,47.39,-104.86,0,0,35052.0
74011,-0.71,-0.82,-0.63,53.34,76.51,-131.74,0,0,35060.0
74019,-0.72,-0.95,-0.93,58.17,104.16,-155.05,0,0,35068.0
74027,-0.71,-0.99,-1.12,60.13,114.73,-173.67,0,0,35076.0
74035,-1.00,-0.73,-0.81,94.71,113.68,-175.77,0,0,35084.0
74043,-1.33,0.16,-0.45,152.39,98.70,-98.21,0,0,35092.0
74051,-1.78,1.32,0.07,181.37,67.69,-21.42,0,20,35100.0
74058,-2.63,1.72,0.13,178.71,41.44,19.32,0,36,35107.0
74066,-2.55,0.94,0.20,159.46,48.51,-40.95,0,50,35115.0
74074,-1.56,0.74,0.09,105.00,79.94,-115.22,0,48,35123.0
74082,-1.57,1.15,-0.21,19.81,98.35,-135.52,0,115,35131.0
74089,-1.95,0.84,-0.69,11.97,100.24,-140.91,0,110,35138.0
74097,-1.72,0.43,-1.11,39.55,113.19,-153.37,0,46,35146.0
74105,-1.37,-0.01,-1.08,83.16,128.52,-173.25,0,35,35154.0
74113,-1.30,-0.69,-0.95,87.43,136.99,-188.79,1,35,35162.0
74121,-1.21,-0.91,-0.79,36.40,134.12,-172.20,0,76,35170.0
74129,-0.84,-1.10,-0.65,-14.21,112.07,-144.55,0,74,35178.0
74137,-0.59,-1.43,-0.55,-56.70,96.88,-119.21,0,88,35186.0
74145,-0.51,-1.55,-0.47,-29.33,86.17,-111.30,0,61,35194.0
74153,-0.67,-1.63,-0.36,11.34,78.54,-104.37,0,39,35202.0
74161,-1.01,-1.39,-0.24,28.63,68.60,-84.77,0,34,35210.0
74169,-1.19,-1.15,-0.27,28.56,63.70,-63.49,0,20,35218.0
74176,-1.24,-0.85,-0.25,23.87,57.96,-48.37,0,18,35225.0
74184,-1.19,-0.44,-0.22,13.72,52.36,-44.59,0,20,35233.0
74192,-1.17,-0.20,-0.25,-0.63,46.62,-45.99,0,6,35241.0
74200,-1.15,0.01,-0.29,-13.37,42.21,-44.73,0,0,35249.0
74208,-1.07,0.02,-0.29,-28.77,38.99,-39.48,1,0,35257.0
74216,-1.11,0.04,-0.24,-44.38,36.54,-36.47,1,2,35265.0
74224,-1.14,0.01,-0.16,-64.26,35.84,-33.60,3,0,35273.0
74232,-1.14,-0.05,-0.04,-72.66,35.07,-31.43,4,0,35281.0
74240,-1.13,-0.14,0.03,-72.17,33.81,-30.94,6,0,35289.0
74248,-1.11,-0.25,0.11,-69.37,32.27,-31.36,8,0,35297.0
74255,-1.08,-0.21,0.13,-68.88,31.78,-29.75,7,0,35304.0
74263,-1.01,-0.17,0.13,-69.30,31.85,-28.07,11,0,35312.0
74271,-0.98,-0.15,0.16,-71.19,32.83,-28.07,15,0,35320.0
74279,-0.97,-0.13,0.10,-71.26,33.32,-27.09,15,0,35328.0
74287,-0.97,-0.10,0.06,-68.67,33.81,-26.88,19,0,35336.0
74294,-0.97,-0.10,0.02,-64.54,34.58,-28.28,22,0,35343.0
74302,-0.93,-0.11,0.01,-58.24,35.56,-29.40,23,0,35351.0
74310,-0.94,-0.08,0.01,-53.69,37.52,-30.52,26,0,35359.0
74318,-0.94,-0.00,0.01,-55.30,39.34,-30.87,27,0,35367.0
74326,-0.94,0.07,0.07,-56.42,40.53,-32.69,28,0,35375.0
74334,-0.94,0.11,0.13,-57.19,42.56,-36.12,39,0,35383.0
74342,-0.95,0.04,0.17,-54.11,45.15,-38.85,33,0,35391.0
74349,-0.92,-0.01,0.20,-52.29,49.28,-40.32,31,0,35398.0
74357,-0.91,0.04,0.22,-50.54,54.60,-41.93,34,0,35406.0
74365,-0.90,-0.05,0.20,-43.82,57.96,-41.58,33,0,35414.0
74373,-0.99,-0.02,0.21,-39.41,62.58,-45.71,32,0,35422.0
74381,-1.05,0.05,0.23,-42.14,67.97,-46.69,36,0,35430.0
74389,-1.05,0.11,0.24,-44.94,72.52,-47.88,36,0,35438.0
74396,-1.06,0.13,0.30,-44.73,77.07,-51.80,33,0,35445.0
74404,-1.04,0.15,0.35,-42.98,82.67,-55.72,40,0,35453.0
74412,-1.01,0.20,0.41,-37.45,88.76,-59.22,45,0,35461.0
74419,-0.99,0.29,0.45,-32.69,95.90,-63.42,39,0,35468.0
74427,-0.99,0.35,0.47,-26.18,105.77,-69.65,46,0,35476.0
74435,-1.02,0.38,0.47,-16.94,114.17,-75.18,42,0,35484.0
74443,-1.01,0.47,0.45,-10.85,122.85,-80.71,39,0,35492.0
74450,-1.03,0.55,0.41,-5.88,130.27,-87.08,40,0,35499.0
74458,-1.07,0.56,0.41,1.75,138.25,-93.94,43,0,35507.0
74466,-1.10,0.49,0.41,9.17,147.21,-99.89,46,0,35515.0
74474,-1.16,0.60,0.42,10.64,156.52,-104.86,42,0,35523.0
74481,-1.20,0.72,0.42,9.10,164.43,-111.02,48,0,35530.0
74489,-1.23,0.79,0.47,5.39,173.88,-119.00,53,0,35538.0
74497,-1.27,0.81,0.52,0.49,180.81,-126.07,59,0,35546.0
74504,-1.33,0.86,0.62,-6.93,186.76,-132.65,54,0,35553.0
74512,-1.45,0.83,0.78,-10.22,190.61,-141.19,47,0,35561.0
74520,-1.62,0.63,0.97,-4.97,194.81,-143.64,44,0,35569.0
74528,-1.80,0.43,0.91,7.42,195.86,-144.41,42,0,35577.0
74535,-2.02,0.41,0.70,14.98,193.20,-148.12,41,0,35584.0
74543,-2.17,0.68,0.70,19.67,190.26,-162.05,21,0,35592.0
74550,-2.33,0.74,0.59,19.81,191.10,-181.86,5,0,35599.0
74558,-2.43,0.02,0.63,19.11,195.37,-195.93,2,0,35607.0
74566,-2.30,-0.39,0.78,14.56,202.30,-190.19,2,0,35615.0
74574,-2.10,-0.66,0.75,5.25,206.01,-173.60,5,0,35623.0
74581,-2.13,-0.76,0.13,-2.31,192.50,-146.37,2,0,35630.0
74589,-2.14,-0.87,-0.31,-10.78,172.76,-107.38,0,0,35638.0
74597,-1.82,-0.95,-0.43,-5.81,155.89,-77.98,0,0,35646.0
74605,-1.30,-1.26,-0.98,-23.66,147.14,-70.70,1,0,35654.0
74613,-0.98,-1.20,-1.19,-44.80,133.84,-72.17,0,0,35662.0
74621,-1.45,-0.48,-1.02,-10.78,99.47,-47.39,0,0,35670.0
74629,-1.62,-0.01,-0.84,44.38,59.50,-14.49,0,0,35678.0
74637,-1.48,-0.04,-0.81,57.12,17.57,10.01,0,0,35686.0
74645,-1.22,-0.38,-0.62,42.14,-23.66,25.62,0,0,35694.0
74653,-0.82,-0.67,-0.57,31.71,-56.77,41.37,0,0,35702.0
74660,-0.44,-0.97,-0.56,13.65,-81.06,66.71,0,0,35709.0
74668,-0.25,-0.86,-0.56,-6.79,-116.20,90.72,0,2,35717.0
74676,-0.30,-0.62,-0.57,-24.57,-143.99,108.22,0,0,35725.0
74685,-0.45,-0.28,-0.69,-22.54,-169.40,120.61,0,0,35734.0
74693,-0.51,-0.37,-0.71,-12.04,-191.66,125.86,0,0,35742.0
74701,-0.46,-0.48,-0.69,-2.03,-218.82,131.39,0,0,35750.0
74709,-0.37,-0.54,-0.64,2.66,-236.95,138.74,0,0,35758.0
74717,-0.28,-0.52,-0.57,-2.24,-252.77,151.06,0,0,35766.0
74725,-0.21,-0.41,-0.54,-14.56,-268.10,171.22,0,0,35774.0
74733,-0.19,-0.32,-0.54,-35.91,-286.02,187.46,0,0,35782.0
74741,-0.12,-0.22,-0.60,-76.16,-296.52,202.51,0,0,35790.0
74749,-0.21,-0.28,-0.75,-95.27,-309.75,211.68,0,0,35798.0
74757,-0.22,-0.23,-0.64,-122.01,-318.64,223.93,0,0,35806.0
74765,-0.37,-0.21,-0.68,-130.55,-332.50,214.69,0,0,35814.0
74773,-0.54,-0.43,-0.74,-127.26,-347.27,215.11,0,0,35822.0
74781,-0.47,-0.57,-0.75,-96.60,-357.14,220.08,0,0,35830.0
74789,-0.51,-0.65,-0.73,-83.79,-366.17,231.42,0,0,35838.0
74797,-0.62,-0.80,-0.76,-62.86,-374.36,236.04,0,0,35846.0
74805,-0.75,-0.74,-0.75,-28.91,-383.53,239.19,0,0,35854.0
74813,-0.62,-0.66,-0.68,23.03,-383.04,249.69,0,0,35862.0
74821,-0.86,-0.46,-0.60,52.64,-380.59,245.84,0,0,35870.0
74829,-0.95,-0.42,-0.40,75.32,-373.38,248.92,0,0,35878.0
74837,-0.97,-0.39,-0.13,90.79,-359.38,247.45,0,0,35886.0
74844,-0.96,-0.50,0.00,88.13,-339.22,255.08,0,0,35893.0
74852,-0.99,-0.37,0.01,65.38,-318.43,261.73,0,0,35901.0
74860,-1.27,-0.26,-0.01,31.29,-291.55,266.00,0,0,35909.0
74868,-1.52,-0.15,-0.21,9.73,-275.38,252.14,0,0,35917.0
74876,-1.46,-0.15,-0.41,6.65,-261.94,230.65,0,0,35925.0
74883,-1.30,-0.08,-0.50,15.47,-245.63,203.35,0,0,35932.0
74891,-1.05,-0.06,-0.41,20.09,-222.60,149.03,0,0,35940.0
74899,-0.76,-0.03,-0.31,16.38,-192.85,113.61,0,0,35948.0
74907,-0.53,-0.15,-0.25,4.06,-141.75,74.97,0,0,35956.0
74915,-0.50,-0.25,-0.04,4.55,-95.20,38.57,0,0,35964.0
74923,-0.49,-0.17,0.18,12.53,-44.52,1.26,0,0,35972.0
74931,-0.45,-0.23,0.09,10.71,3.71,-52.29,0,0,35980.0
74939,-0.42,-0.31,-0.15,13.79,46.90,-91.00,0,0,35988.0
74947,-0.45,-0.57,-0.35,29.19,86.24,-125.37,0,0,35996.0
74955,-0.52,-0.73,-0.43,50.05,130.20,-155.40,0,0,36004.0
74963,-0.77,-0.76,-0.59,81.62,142.73,-177.17,0,0,36012.0
74970,-1.74,-0.50,-0.72,123.06,136.85,-169.54,0,0,36019.0
74978,-2.04,0.28,0.28,204.12,105.91,-120.19,0,25,36027.0
74986,-2.67,1.25,0.61,238.42,70.07,-55.86,0,38,36035.0
74993,-3.02,1.38,0.61,230.09,70.63,-42.77,0,51,36042.0
75001,-2.25,-0.06,0.51,217.63,99.33,-133.14,0,49,36050.0
75009,-1.49,0.20,-0.23,163.66,118.09,-173.74,0,96,36058.0
75016,-1.96,0.10,-0.45,73.99,132.58,-167.72,0,101,36065.0
75024,-1.87,0.25,-1.24,35.70,125.02,-173.95,0,52,36073.0
75032,-1.13,0.34,-1.68,33.18,134.89,-178.01,0,41,36081.0
75040,-0.66,-0.16,-1.27,88.48,144.48,-182.84,0,34,36089.0
75048,-0.53,-0.95,-0.90,100.24,133.70,-188.16,0,32,36097.0
75056,-0.57,-1.38,-0.97,37.87,123.76,-167.37,0,40,36105.0
75064,-1.00,-1.44,-0.90,-20.37,102.06,-142.52,0,36,36113.0
75074,-1.00,-1.22,-0.75,-59.36,87.92,-114.38,0,74,36123.0
75085,-1.03,-1.01,-0.53,-32.34,79.31,-98.77,0,60,36134.0
75093,-1.06,-1.16,-0.36,-7.28,74.06,-82.18,0,78,36142.0
75101,-1.08,-1.18,-0.39,11.20,69.30,-68.81,0,67,36150.0
75109,-1.15,-1.03,-0.40,49.91,64.05,-59.71,0,62,36158.0
75117,-1.19,-0.82,-0.34,48.30,57.26,-52.01,0,70,36166.0
75125,-1.20,-0.52,-0.26,49.77,49.84,-49.70,0,57,36174.0
75133,-1.14,-0.19,-0.28,32.55,44.87,-47.04,0,32,36182.0
75141,-1.08,-0.02,-0.28,4.27,40.04,-39.83,1,2,36190.0
75149,-1.08,0.04,-0.23,-32.83,36.61,-33.67,1,0,36198.0
75157,-1.07,-0.08,-0.16,-52.85,33.46,-28.91,2,2,36206.0
75165,-1.09,-0.22,-0.10,-62.58,31.22,-25.97,4,0,36214.0
75173,-1.10,-0.34,-0.05,-63.77,29.54,-23.87,4,2,36222.0
75181,-1.08,-0.34,0.00,-60.20,27.86,-23.24,5,0,36230.0
75189,-1.05,-0.28,0.04,-56.70,26.88,-21.07,6,0,36238.0
75196,-1.03,-0.21,0.08,-58.24,26.04,-18.27,10,0,36245.0
75204,-1.01,-0.11,0.11,-62.16,25.55,-16.52,12,0,36253.0
75212,-1.04,-0.04,0.10,-65.87,25.06,-14.98,15,0,36261.0
75220,-1.05,-0.04,0.10,-69.65,25.27,-15.68,14,0,36269.0
75228,-1.03,-0.08,0.06,-67.20,25.62,-17.92,17,0,36277.0
75236,-1.02,-0.11,0.02,-60.41,26.81,-18.13,20,0,36285.0
75244,-0.99,-0.07,-0.00,-54.53,28.00,-18.06,19,0,36293.0
75252,-0.96,-0.04,-0.00,-47.81,29.12,-18.69,21,0,36301.0
75260,-0.94,-0.01,0.02,-45.64,30.66,-19.39,21,0,36309.0
75268,-0.92,0.05,0.07,-45.99,32.97,-21.42,22,0,36317.0
75276,-0.90,0.08,0.10,-45.92,35.21,-23.87,28,0,36325.0
75283,-0.88,0.03,0.11,-44.59,37.45,-25.90,27,0,36332.0
75291,-0.89,-0.04,0.12,-41.44,39.55,-27.51,23,0,36340.0
75299,-0.90,-0.07,0.09,-36.40,41.72,-29.12,31,0,36348.0
75307,-0.90,-0.09,0.09,-32.62,44.31,-30.31,38,0,36356.0
75315,-0.92,-0.08,0.11,-32.20,46.90,-32.55,42,0,36364.0
75323,-0.99,-0.07,0.14,-35.07,50.61,-33.60,39,0,36372.0
75330,-1.04,-0.00,0.21,-40.18,53.97,-35.35,35,0,36379.0
75338,-1.07,0.03,0.28,-44.87,57.47,-37.94,33,0,36387.0
75346,-1.06,0.02,0.40,-43.89,62.09,-40.88,31,0,36395.0
75354,-1.01,0.10,0.47,-41.86,68.46,-43.54,34,0,36403.0
75362,-0.95,0.33,0.55,-40.39,76.02,-48.65,35,0,36411.0
75370,-0.90,0.45,0.57,-40.32,86.66,-54.60,33,0,36419.0
75378,-0.93,0.52,0.55,-37.94,94.64,-61.88,39,1,36427.0
75385,-0.95,0.46,0.54,-28.42,103.39,-69.02,39,0,36434.0
75393,-1.00,0.46,0.49,-21.07,112.07,-75.25,46,0,36442.0
75401,-1.05,0.49,0.41,-12.18,120.47,-81.27,45,0,36450.0
75409,-1.08,0.38,0.37,-2.59,128.66,-89.25,51,0,36458.0
75417,-1.14,0.38,0.34,5.04,137.13,-94.64,47,0,36466.0
75424,-1.20,0.42,0.31,10.50,147.98,-99.61,50,0,36473.0
75432,-1.27,0.48,0.31,8.96,155.82,-103.88,51,0,36481.0
75440,-1.31,0.54,0.28,4.06,162.12,-108.57,46,0,36489.0
75448,-1.36,0.56,0.31,-2.52,168.07,-113.75,48,0,36497.0
75456,-1.40,0.63,0.39,-10.99,174.30,-119.35,55,0,36505.0
75463,-1.45,0.73,0.51,-20.86,178.99,-125.79,60,0,36512.0
75471,-1.53,0.78,0.62,-26.88,182.14,-134.05,47,0,36520.0
75479,-1.61,0.71,0.72,-27.37,184.31,-140.77,44,0,36528.0
75487,-1.75,0.59,0.81,-25.83,185.08,-143.71,39,0,36536.0
75494,-1.89,0.58,0.87,-16.03,180.81,-147.84,44,0,36543.0
75502,-2.00,0.73,0.78,0.35,172.41,-153.79,36,0,36551.0
75510,-2.04,0.62,0.54,20.02,165.62,-163.38,29,0,36559.0
75517,-1.87,0.31,0.41,23.87,171.01,-176.82,8,0,36566.0
75525,-1.83,0.03,0.37,20.16,186.83,-184.45,4,0,36574.0
75533,-1.86,-0.32,0.17,-13.79,193.48,-179.41,4,0,36582.0
75540,-2.10,-0.67,-0.10,-44.73,187.18,-156.59,7,0,36589.0
75548,-2.18,-0.56,-0.18,-55.23,175.56,-119.35,5,0,36597.0
75557,-1.81,-0.88,-0.36,-48.72,150.64,-90.86,0,0,36606.0
75566,-1.48,-1.36,-0.66,-27.37,131.53,-60.90,1,0,36615.0
75574,-1.06,-1.37,-1.03,-9.59,109.34,-52.57,0,0,36623.0
75582,-0.95,-1.05,-0.95,28.42,86.10,-40.18,0,0,36631.0
75590,-1.27,-0.65,-0.81,69.30,58.87,-17.29,0,0,36639.0
75597,-1.37,-0.50,-0.66,93.17,27.79,7.42,0,0,36646.0
75605,-1.20,-0.53,-0.53,98.63,-3.15,25.62,0,0,36654.0
75613,-0.94,-0.63,-0.48,94.64,-32.06,47.32,0,0,36662.0
75621,-0.63,-0.67,-0.44,82.39,-67.83,64.05,0,0,36670.0
75629,-0.50,-0.64,-0.38,65.38,-90.02,83.79,0,0,36678.0
75637,-0.37,-0.52,-0.37,42.07,-112.42,104.09,0,0,36686.0
75644,-0.33,-0.44,-0.37,22.05,-131.81,123.69,0,0,36693.0
75652,-0.33,-0.38,-0.37,4.20,-150.15,137.13,0,0,36701.0
75660,-0.36,-0.32,-0.38,-11.62,-167.09,150.22,0,0,36709.0
75668,-0.40,-0.31,-0.38,-27.37,-188.23,159.74,0,0,36717.0
75676,-0.40,-0.31,-0.39,-49.98,-203.21,170.03,0,0,36725.0
75684,-0.39,-0.31,-0.41,-67.48,-218.05,180.74,0,0,36733.0
75692,-0.37,-0.30,-0.41,-86.24,-232.26,189.70,0,0,36741.0
75700,-0.38,-0.28,-0.41,-105.00,-245.28,197.40,0,0,36749.0
75708,-0.39,-0.24,-0.43,-122.99,-262.22,200.83,0,0,36757.0
75716,-0.42,-0.26,-0.46,-141.05,-274.54,202.58,0,0,36765.0
75724,-0.45,-0.32,-0.51,-146.65,-287.00,202.86,0,0,36773.0
75732,-0.51,-0.47,-0.55,-142.10,-298.20,202.16,0,0,36781.0
75740,-0.56,-0.54,-0.56,-124.88,-307.37,200.76,0,0,36789.0
75748,-0.60,-0.58,-0.56,-98.77,-317.10,199.36,1,0,36797.0
75756,-0.62,-0.56,-0.57,-60.13,-323.33,197.19,0,0,36805.0
75764,-0.65,-0.52,-0.55,-34.79,-328.02,195.79,0,0,36813.0
75772,-0.72,-0.49,-0.53,-14.21,-332.15,195.44,0,0,36821.0
75780,-0.81,-0.50,-0.53,2.31,-335.79,196.77,0,0,36829.0
75788,-0.93,-0.50,-0.49,17.29,-338.80,199.71,0,0,36837.0
75796,-0.97,-0.50,-0.43,37.45,-337.33,203.42,0,0,36845.0
75804,-0.96,-0.44,-0.33,55.09,-329.56,206.15,0,0,36853.0
75811,-0.90,-0.35,0.01,67.97,-315.42,206.92,0,0,36860.0
75819,-0.92,-0.33,0.05,60.69,-298.41,209.44,0,0,36868.0
75827,-1.05,-0.29,0.05,41.65,-281.26,213.71,0,0,36876.0
75835,-1.36,-0.27,0.00,24.71,-261.10,211.47,0,0,36884.0
75843,-1.49,-0.37,-0.15,15.47,-245.56,203.63,0,0,36892.0
75851,-1.43,-0.49,-0.33,19.11,-231.98,191.03,0,0,36900.0
75859,-1.23,-0.44,-0.48,31.71,-218.26,175.14,0,0,36908.0
75866,-1.12,-0.27,-0.54,39.41,-202.72,156.80,0,0,36915.0
75874,-0.99,-0.08,-0.41,40.32,-183.75,118.72,0,0,36923.0
75882,-0.84,0.06,-0.27,31.64,-148.82,83.65,0,1,36931.0
75890,-0.82,0.24,-0.06,-9.66,-115.64,48.02,0,0,36939.0
75898,-0.80,0.36,0.13,-31.29,-77.56,9.87,0,0,36947.0
75906,-0.72,0.24,0.18,-48.93,-38.01,-24.22,0,0,36955.0
75913,-0.60,-0.06,0.08,-47.60,0.56,-57.26,0,0,36962.0
75921,-0.59,-0.44,-0.12,-32.41,36.96,-96.95,0,0,36970.0
75929,-0.60,-0.63,-0.39,-13.16,77.91,-121.52,0,0,36978.0
75937,-0.94,-0.64,-0.38,19.81,97.51,-142.52,0,0,36986.0
75945,-1.25,-0.57,-0.65,72.45,116.83,-152.25,0,0,36994.0
75953,-1.37,-0.26,-0.65,140.14,120.96,-142.52,0,5,37002.0
75961,-2.17,0.85,-0.06,235.27,108.57,-80.50,0,25,37010.0
75969,-2.75,1.18,0.09,277.20,97.23,-45.50,0,35,37018.0
75977,-2.22,0.58,0.28,287.00,110.25,-90.02,0,75,37026.0
75984,-1.54,0.42,0.02,258.72,127.68,-141.68,0,48,37033.0
75992,-1.36,0.52,-0.34,182.42,136.99,-150.64,0,65,37041.0
76000,-1.31,0.53,-0.80,108.08,131.74,-154.84,0,100,37049.0
76008,-1.14,0.47,-1.10,83.65,129.22,-159.04,0,34,37057.0
76015,-0.92,-0.06,-0.93,102.62,129.15,-168.07,0,38,37064.0
76023,-0.92,-1.14,-0.73,116.27,126.00,-185.78,0,31,37072.0
76031,-0.96,-1.52,-0.98,75.60,124.39,-181.09,0,59,37080.0
76039,-1.06,-1.18,-1.07,26.60,107.66,-165.06,0,35,37088.0
76047,-1.03,-0.77,-0.76,-71.82,91.63,-139.16,0,29,37096.0
76055,-0.83,-0.68,-0.61,-123.90,81.76,-113.75,0,26,37104.0
76063,-0.81,-0.95,-0.55,-117.18,77.35,-91.00,0,64,37112.0
76071,-0.96,-1.48,-0.46,-87.99,72.94,-76.44,0,68,37120.0
76079,-1.11,-1.63,-0.48,-23.59,67.90,-66.92,0,45,37128.0
76087,-1.26,-1.46,-0.41,34.30,62.30,-56.91,2,40,37136.0
76095,-1.26,-1.06,-0.29,73.29,57.12,-52.01,2,47,37144.0
76103,-1.19,-0.44,-0.30,83.02,52.99,-49.21,5,5,37152.0
76111,-1.16,-0.15,-0.28,63.00,48.16,-39.62,4,1,37160.0
76119,-1.11,0.07,-0.20,20.86,42.35,-32.41,6,0,37168.0
76126,-1.08,0.22,-0.10,-29.40,38.22,-28.77,7,0,37175.0
76134,-1.05,0.12,-0.06,-77.98,34.93,-25.83,11,0,37183.0
76142,-1.08,-0.18,-0.09,-86.87,32.20,-24.99,14,0,37191.0
76150,-1.07,-0.49,-0.11,-74.83,29.96,-22.96,14,0,37199.0
76158,-1.07,-0.61,-0.11,-52.36,28.70,-19.04,16,0,37207.0
76166,-1.06,-0.43,-0.05,-32.69,28.28,-15.82,17,0,37215.0
76174,-1.04,-0.16,0.03,-33.88,28.14,-12.39,17,0,37223.0
76182,-1.07,0.04,0.06,-40.60,26.95,-11.34,21,0,37231.0
76189,-1.09,0.10,0.06,-49.00,25.76,-11.97,24,0,37238.0
76197,-1.08,0.05,0.03,-53.90,24.85,-13.16,24,0,37246.0
76205,-1.08,-0.03,0.02,-53.97,24.50,-14.63,26,0,37254.0
76213,-1.05,-0.02,0.01,-52.64,25.06,-15.12,27,0,37262.0
76221,-1.01,-0.01,0.02,-49.56,27.02,-16.24,28,0,37270.0
76228,-0.99,0.04,0.02,-49.14,29.05,-17.92,29,0,37277.0
76236,-0.96,0.11,0.03,-52.92,30.87,-19.11,29,0,37285.0
76244,-0.94,0.15,0.07,-56.98,32.13,-21.00,27,0,37293.0
76252,-0.92,0.12,0.12,-58.03,33.81,-24.15,29,0,37301.0
76260,-0.90,0.05,0.16,-58.38,36.68,-26.32,34,0,37309.0
76267,-0.90,0.02,0.18,-54.95,39.55,-28.91,36,0,37316.0
76275,-0.90,0.01,0.19,-49.49,42.98,-32.34,35,0,37324.0
76283,-0.89,0.03,0.22,-46.48,49.00,-34.86,35,0,37332.0
76290,-0.89,0.08,0.26,-44.10,53.90,-37.94,36,0,37339.0
76298,-0.88,0.10,0.30,-43.82,59.01,-40.18,35,0,37347.0
76306,-0.91,0.12,0.33,-44.10,64.68,-43.26,37,0,37355.0
76313,-0.94,0.10,0.35,-41.72,69.72,-46.48,39,0,37362.0
76321,-0.98,0.10,0.35,-37.45,74.34,-49.98,34,0,37370.0
76329,-0.97,0.09,0.35,-32.83,79.66,-53.41,35,0,37378.0
76337,-0.96,0.14,0.33,-31.29,85.89,-57.19,41,0,37386.0
76345,-0.97,0.18,0.31,-30.17,91.84,-59.92,39,0,37394.0
76352,-1.01,0.18,0.29,-30.31,99.12,-62.44,40,0,37401.0
76360,-1.13,0.19,0.26,-27.65,103.67,-65.52,42,0,37409.0
76368,-1.19,0.21,0.25,-24.99,108.36,-69.30,46,0,37417.0
76375,-1.20,0.28,0.26,-24.08,113.61,-73.29,41,0,37424.0
76383,-1.17,0.34,0.29,-22.82,119.00,-78.12,45,0,37432.0
76391,-1.15,0.40,0.33,-20.72,124.88,-82.95,54,0,37440.0
76399,-1.07,0.45,0.39,-14.49,132.79,-87.99,56,0,37448.0
76406,-1.00,0.43,0.46,-8.33,142.45,-93.10,63,0,37455.0
76414,-1.03,0.52,0.45,-2.80,152.32,-97.79,56,0,37463.0
76422,-1.07,0.62,0.44,-1.54,178.43,-103.95,53,0,37471.0
76430,-1.15,0.70,0.40,-3.78,169.61,-111.58,46,0,37479.0
76437,-1.23,0.70,0.44,-7.84,175.42,-119.21,47,0,37486.0
76445,-1.35,0.64,0.49,-7.84,179.27,-124.88,47,0,37494.0
76453,-1.52,0.54,0.60,-2.24,183.26,-128.73,52,0,37502.0
76461,-1.66,0.45,0.75,3.71,186.48,-128.94,47,0,37510.0
76468,-1.76,0.50,0.62,10.15,186.27,-129.50,44,0,37517.0
76476,-1.89,0.65,0.51,11.48,180.81,-137.20,43,0,37525.0
76484,-1.95,0.76,0.58,12.39,174.23,-148.96,28,0,37533.0
76491,-2.00,0.67,0.34,18.55,171.64,-164.22,14,0,37540.0
76499,-2.04,0.33,0.43,28.21,179.13,-176.82,6,0,37548.0
76507,-1.94,-0.12,0.66,30.24,189.35,-177.31,5,0,37556.0
76515,-2.00,-0.62,0.22,4.76,187.25,-161.21,4,0,37564.0
76522,-2.14,-0.60,0.05,-5.32,177.10,-139.09,5,0,37571.0
76530,-2.11,-0.54,-0.24,-6.37,161.56,-114.80,2,0,37579.0
76538,-1.87,-0.81,-0.47,-3.92,142.45,-83.23,0,0,37587.0
76546,-1.44,-0.99,-0.76,-3.36,117.25,-67.83,0,0,37595.0
76555,-1.15,-0.79,-1.07,-11.97,90.37,-57.54,0,0,37604.0
76563,-1.33,-0.34,-0.79,11.48,54.74,-34.58,0,0,37612.0
76571,-1.55,-0.25,-0.64,37.31,11.69,-6.93,0,0,37620.0
76579,-1.28,-0.64,-0.50,53.41,-36.26,10.50,0,0,37628.0
76587,-0.90,-0.90,-0.47,50.54,-63.35,28.07,0,0,37636.0
76595,-0.64,-0.83,-0.50,31.01,-88.20,48.58,0,0,37644.0
76603,-0.52,-0.61,-0.46,4.83,-113.33,70.98,0,0,37652.0
76611,-0.51,-0.39,-0.41,-20.72,-138.39,99.19,0,0,37660.0
76618,-0.54,-0.33,-0.41,-34.37,-162.19,116.34,0,0,37667.0
76626,-0.57,-0.41,-0.42,-41.79,-190.19,131.18,0,0,37675.0
76634,-0.58,-0.49,-0.43,-42.56,-206.85,142.52,0,0,37683.0
76642,-0.57,-0.46,-0.41,-44.94,-221.48,152.04,0,0,37691.0
76650,-0.55,-0.41,-0.42,-52.01,-234.92,165.90,0,0,37699.0
76658,-0.56,-0.38,-0.41,-60.69,-248.22,176.05,0,0,37707.0
76666,-0.56,-0.40,-0.42,-70.84,-263.62,183.33,0,0,37715.0
76674,-0.57,-0.43,-0.43,-84.28,-273.56,188.93,0,0,37723.0
76682,-0.58,-0.44,-0.45,-91.21,-282.94,193.83,0,0,37731.0
76690,-0.61,-0.47,-0.49,-91.35,-292.04,197.96,0,0,37739.0
76698,-0.63,-0.50,-0.52,-83.23,-300.09,202.30,0,0,37747.0
76706,-0.64,-0.54,-0.55,-67.97,-309.19,204.89,0,0,37755.0
76714,-0.67,-0.60,-0.56,-49.56,-314.72,207.69,0,0,37763.0
76721,-0.69,-0.62,-0.57,-26.74,-319.06,210.77,0,0,37770.0
76729,-0.71,-0.55,-0.57,-11.13,-322.35,212.94,0,0,37778.0
76737,-0.74,-0.41,-0.56,1.75,-324.87,215.60,0,0,37786.0
76745,-0.77,-0.40,-0.51,12.60,-325.85,218.54,0,0,37794.0
76753,-0.79,-0.42,-0.46,24.78,-322.91,221.83,0,0,37802.0
76761,-0.80,-0.40,-0.40,35.21,-318.36,225.47,0,0,37810.0
76769,-0.83,-0.35,-0.30,34.44,-311.71,229.11,0,0,37818.0
76777,-0.88,-0.28,-0.27,25.20,-303.59,231.91,0,0,37826.0
76785,-0.95,-0.23,-0.22,6.02,-292.88,230.86,0,0,37834.0
76793,-1.05,-0.16,-0.22,-8.19,-277.34,225.12,0,0,37842.0
76801,-1.10,-0.14,-0.26,-22.89,-265.79,214.83,0,0,37850.0
76809,-1.16,-0.21,-0.32,-25.41,-254.94,201.95,0,0,37858.0
76817,-1.18,-0.29,-0.39,-17.29,-242.41,184.45,0,0,37866.0
76824,-1.12,-0.34,-0.42,-3.92,-226.45,158.97,0,0,37873.0
76832,-1.03,-0.33,-0.40,9.59,-206.64,135.10,0,0,37881.0
76840,-0.97,-0.29,-0.34,20.86,-173.04,107.45,0,0,37889.0
76848,-0.91,-0.19,-0.26,22.47,-142.17,80.43,0,0,37897.0
76856,-0.84,-0.08,-0.19,18.90,-108.71,50.89,0,0,37905.0
76864,-0.79,-0.02,-0.09,15.61,-73.43,8.82,0,0,37913.0
76872,-0.73,-0.07,-0.09,13.23,-36.82,-24.01,0,0,37921.0
76880,-0.66,-0.25,-0.17,13.93,10.15,-55.79,0,0,37929.0
76888,-0.65,-0.43,-0.28,25.55,42.56,-85.75,0,0,37937.0
76896,-0.67,-0.57,-0.39,40.67,71.68,-113.19,0,0,37945.0
76903,-0.71,-0.67,-0.58,55.02,95.55,-138.74,0,0,37952.0
76911,-0.78,-0.95,-0.68,68.04,111.02,-160.23,0,0,37960.0
76919,-1.20,-0.85,-0.64,97.23,116.20,-155.40,0,0,37968.0
76927,-1.55,-0.12,-0.43,149.94,114.80,-127.19,0,0,37976.0
76935,-2.04,0.74,0.17,207.34,89.11,-72.38,0,20,37984.0
76942,-2.73,1.37,0.48,254.24,73.78,-22.82,0,40,37991.0
76950,-2.75,1.03,0.45,258.09,83.58,-35.98,0,51,37999.0
76958,-1.89,0.17,0.23,222.32,102.13,-114.45,0,47,38007.0
76965,-1.54,0.53,-0.43,162.89,111.02,-144.55,0,64,38014.0
76973,-1.50,0.53,-0.66,81.13,113.47,-150.08,0,70,38022.0
76981,-1.20,0.81,-1.31,61.81,118.86,-159.11,0,64,38030.0
76988,-0.95,0.65,-1.30,80.64,130.20,-164.71,0,48,38037.0
76996,-0.98,-0.50,-1.03,108.64,128.73,-177.38,0,45,38045.0
77004,-0.95,-1.18,-0.94,60.69,122.85,-170.31,0,43,38053.0
77012,-0.97,-1.32,-0.99,1.05,107.73,-153.65,0,64,38061.0
77020,-1.02,-1.10,-0.90,-70.56,95.55,-132.86,0,70,38069.0
77027,-0.95,-0.99,-0.72,-71.89,85.26,-118.30,0,71,38076.0
77035,-0.93,-1.02,-0.54,-53.41,78.75,-109.62,0,85,38084.0
77043,-0.98,-1.13,-0.40,-36.47,75.88,-92.96,0,86,38092.0
77051,-1.09,-1.14,-0.37,-21.70,69.86,-75.60,0,57,38100.0
77059,-1.15,-1.18,-0.37,16.17,65.38,-61.88,0,44,38108.0
77067,-1.17,-1.02,-0.30,20.86,59.50,-54.53,0,38,38116.0
77075,-1.16,-0.66,-0.22,26.53,53.55,-52.29,0,27,38124.0
77083,-1.13,-0.48,-0.24,15.82,48.72,-47.11,0,14,38132.0
77090,-1.10,-0.32,-0.28,-2.38,44.59,-40.74,0,24,38139.0
77098,-1.06,-0.22,-0.24,-18.97,40.18,-33.11,0,0,38147.0
77106,-1.05,-0.25,-0.21,-36.89,35.07,-26.60,0,0,38155.0
77114,-1.08,-0.23,-0.14,-58.24,32.27,-21.77,0,0,38163.0
77122,-1.11,-0.16,-0.05,-71.40,30.31,-19.04,3,0,38171.0
77131,-1.13,-0.15,-0.02,-73.85,28.14,-19.46,3,0,38180.0
77139,-1.09,-0.19,-0.02,-70.98,26.04,-19.18,5,0,38188.0
77147,-1.05,-0.21,0.02,-61.74,25.13,-17.64,5,0,38196.0
77155,-1.03,-0.14,0.03,-57.89,25.13,-15.75,8,0,38204.0
77162,-1.04,-0.04,0.04,-57.75,25.41,-13.93,12,0,38211.0
77170,-1.03,0.02,0.04,-62.37,26.25,-15.05,11,0,38219.0
77178,-1.02,0.02,0.03,-62.37,26.18,-17.01,14,0,38227.0
77186,-0.99,-0.01,0.05,-61.32,26.39,-17.43,14,0,38235.0
77193,-1.00,-0.05,0.04,-58.59,27.44,-17.85,17,0,38242.0
77201,-0.99,-0.07,0.03,-36.47,29.12,-18.83,19,0,38250.0
77209,-0.97,-0.08,0.04,-48.44,30.66,-19.32,20,0,38258.0
77217,-0.96,-0.04,0.07,-48.65,32.48,-20.16,24,0,38266.0
77225,-0.94,0.03,0.10,-52.22,34.16,-21.21,24,0,38274.0
77232,-0.93,0.01,0.11,-54.18,35.91,-22.26,28,0,38281.0
77240,-0.93,-0.07,0.12,-49.91,38.08,-23.80,26,0,38289.0
77248,-0.92,-0.13,0.12,-44.38,42.00,-25.55,30,0,38297.0
77256,-0.93,-0.07,0.13,-42.28,44.73,-27.09,37,1,38305.0
77264,-0.96,0.02,0.13,-46.62,47.67,-28.49,36,0,38313.0
77271,-1.00,0.07,0.14,-53.20,50.82,-30.03,34,1,38320.0
77279,-1.04,0.07,0.15,-58.59,54.60,-31.43,33,0,38328.0
77286,-1.05,0.05,0.20,-60.90,59.57,-31.50,28,0,38335.0
77294,-1.03,0.08,0.27,-60.97,65.87,-32.34,31,0,38343.0
77302,-1.00,0.17,0.32,-60.20,72.10,-34.58,33,0,38351.0
77310,-0.98,0.34,0.38,-63.63,79.52,-36.68,33,0,38359.0
77318,-0.97,0.45,0.39,-69.58,89.81,-40.81,32,0,38367.0
77326,-0.99,0.46,0.40,-71.54,97.02,-45.36,33,0,38375.0
77333,-1.04,0.42,0.41,-64.33,102.48,-49.77,31,0,38382.0
77341,-1.07,0.33,0.47,-46.62,109.06,-55.37,35,0,38390.0
77349,-1.08,0.21,0.52,-31.15,116.76,-60.13,38,0,38398.0
77357,-1.09,0.38,0.51,-21.42,124.11,-66.78,34,0,38406.0
77364,-1.11,0.45,0.52,-12.53,130.62,-72.80,39,0,38413.0
77372,-1.10,0.39,0.49,-4.34,138.39,-78.26,35,0,38421.0
77380,-1.11,0.42,0.49,2.45,149.73,-83.16,37,0,38429.0
77387,-1.17,0.50,0.49,2.80,157.64,-87.36,41,0,38436.0
77395,-1.22,0.62,0.46,-1.68,164.43,-92.40,40,0,38444.0
77403,-1.25,0.66,0.49,-11.20,171.29,-98.35,51,0,38452.0
77411,-1.27,0.67,0.57,-17.57,178.01,-103.74,54,0,38460.0
77418,-1.35,0.65,0.69,-18.55,183.33,-108.01,51,0,38467.0
77426,-1.47,0.62,0.84,-13.51,187.88,-114.38,45,0,38475.0
77434,-1.56,0.51,0.96,-7.49,192.99,-115.71,40,0,38483.0
77442,-1.71,0.54,0.87,3.92,193.62,-117.46,40,0,38491.0
77450,-1.82,0.65,0.77,14.14,188.72,-123.41,40,0,38499.0
77457,-1.91,0.71,0.80,27.09,185.15,-137.90,43,0,38506.0
77465,-1.96,0.57,0.65,47.04,188.02,-156.03,15,0,38514.0
77472,-2.05,-0.01,0.53,73.99,197.61,-174.30,6,0,38521.0
77480,-1.96,-0.39,0.77,75.67,209.58,-181.09,2,0,38529.0
77488,-2.05,-0.71,0.07,61.25,209.58,-164.99,10,0,38537.0
77496,-2.19,-0.65,0.12,54.88,201.53,-149.66,6,0,38545.0
77503,-2.07,-0.86,-0.07,57.40,191.03,-126.91,1,0,38552.0
77511,-1.83,-1.16,-0.34,66.78,178.22,-104.86,0,0,38560.0
77519,-1.40,-1.33,-0.64,75.53,161.49,-89.11,0,0,38568.0
77527,-1.08,-1.10,-0.89,65.59,144.62,-75.67,0,0,38576.0
77535,-1.27,-0.57,-0.79,82.67,120.12,-52.99,0,0,38584.0
77543,-1.49,-0.37,-0.71,95.90,90.65,-31.71,0,0,38592.0
77550,-1.44,-0.46,-0.68,101.57,57.89,-16.80,0,0,38599.0
77558,-1.21,-0.62,-0.63,93.52,28.14,0.07,0,0,38607.0
77566,-0.94,-0.67,-0.57,73.08,2.66,19.67,0,0,38615.0
77574,-0.63,-0.64,-0.51,43.68,-27.51,42.91,0,0,38623.0
77582,-0.46,-0.57,-0.50,13.58,-49.70,67.41,0,0,38631.0
77590,-0.37,-0.48,-0.53,-16.17,-73.08,88.27,0,0,38639.0
77598,-0.34,-0.43,-0.52,-29.61,-96.95,105.56,0,0,38647.0
77606,-0.37,-0.45,-0.55,-36.89,-120.19,122.64,0,0,38655.0
77613,-0.41,-0.52,-0.53,-39.76,-160.30,132.37,0,0,38662.0
77621,-0.37,-0.55,-0.51,-41.37,-168.14,140.91,0,0,38670.0
77629,-0.32,-0.55,-0.48,-46.83,-185.99,151.62,0,0,38678.0
77637,-0.29,-0.53,-0.46,-53.13,-202.58,162.19,0,0,38686.0
77645,-0.28,-0.47,-0.46,-60.34,-218.61,175.28,0,0,38694.0
77653,-0.30,-0.45,-0.46,-69.79,-238.49,183.54,0,0,38702.0
77661,-0.33,-0.42,-0.48,-78.89,-252.91,189.35,0,0,38710.0
77669,-0.34,-0.35,-0.52,-87.43,-266.77,192.22,0,0,38718.0
77677,-0.32,-0.37,-0.60,-87.50,-281.40,196.49,0,0,38726.0
77685,-0.32,-0.40,-0.62,-87.50,-293.72,200.90,0,0,38734.0
77693,-0.38,-0.53,-0.67,-81.34,-306.18,203.35,0,0,38742.0
77701,-0.46,-0.54,-0.69,-68.74,-321.51,203.91,0,1,38750.0
77709,-0.49,-0.44,-0.68,-57.19,-330.40,205.59,0,0,38758.0
77716,-0.50,-0.41,-0.67,-46.69,-338.31,210.91,0,0,38765.0
77724,-0.58,-0.42,-0.69,-36.68,-347.55,212.31,0,0,38773.0
77732,-0.67,-0.52,-0.69,-23.45,-355.18,213.50,0,0,38781.0
77740,-0.76,-0.58,-0.65,-4.20,-360.43,215.46,0,0,38789.0
77748,-0.89,-0.55,-0.59,17.71,-363.93,215.53,0,0,38797.0
77756,-0.93,-0.56,-0.50,36.12,-362.88,218.61,0,0,38805.0
77764,-0.91,-0.53,-0.44,54.39,-355.39,224.14,0,0,38813.0
77771,-0.85,-0.48,-0.16,56.98,-342.16,228.55,0,0,38820.0
77779,-0.92,-0.48,-0.04,40.74,-325.64,232.19,0,0,38828.0
77787,-1.12,-0.37,0.02,11.76,-308.14,235.41,0,0,38836.0
77795,-1.44,-0.26,0.06,-19.04,-271.95,233.31,0,0,38844.0
77803,-1.65,-0.26,-0.19,-36.47,-265.23,216.37,0,0,38852.0
77811,-1.38,-0.41,-0.40,-35.00,-248.92,196.14,0,0,38860.0
77819,-1.11,-0.48,-0.55,-15.96,-230.58,172.34,0,0,38868.0
77826,-0.95,-0.36,-0.33,7.00,-207.48,142.94,0,0,38875.0
77834,-0.89,-0.12,-0.27,12.39,-178.50,90.93,0,0,38883.0
77842,-0.72,-0.08,-0.22,4.62,-143.50,52.99,0,0,38891.0
77850,-0.57,0.01,-0.05,-6.02,-85.12,16.17,0,0,38899.0
77858,-0.50,0.10,0.14,-12.67,-37.10,-21.07,0,0,38907.0
77866,-0.46,0.03,0.10,-21.98,7.84,-58.24,0,0,38915.0
77873,-0.47,-0.14,-0.12,-20.51,48.65,-93.94,0,0,38922.0
77881,-0.51,-0.35,-0.38,-8.33,82.74,-124.32,0,0,38930.0
77889,-1.07,-0.62,-0.41,25.83,108.92,-149.52,0,0,38938.0
77897,-1.12,-0.37,-0.58,78.54,128.03,-151.62,0,0,38946.0
77905,-1.98,0.41,-0.32,182.70,108.71,-114.59,0,33,38954.0
77913,-2.91,1.05,0.10,274.40,86.38,-53.76,0,38,38962.0
77920,-3.00,1.15,0.24,296.31,89.95,-46.06,0,80,38969.0
77928,-1.91,0.37,0.23,275.59,113.12,-120.26,0,44,38977.0
77935,-1.24,0.71,-0.07,194.74,133.84,-151.20,0,92,38984.0
77943,-1.25,0.80,-0.65,128.59,139.65,-158.34,0,118,38992.0
77951,-1.44,0.52,-1.13,86.59,137.34,-165.27,0,44,39000.0
77959,-1.24,-0.10,-1.32,82.95,132.86,-170.94,0,40,39008.0
77966,-0.94,-1.05,-1.22,120.26,132.93,-185.57,0,32,39015.0
77974,-0.77,-1.63,-0.98,122.57,128.24,-180.81,0,43,39023.0
77982,-0.85,-1.41,-1.06,78.75,112.42,-169.47,0,70,39031.0
77990,-1.00,-0.81,-0.87,-10.50,96.74,-152.39,0,57,39039.0
77998,-1.01,-0.58,-0.56,-78.61,83.30,-129.08,0,52,39047.0
78006,-0.96,-0.63,-0.48,-108.64,79.10,-107.73,0,65,39055.0
78014,-0.94,-0.98,-0.34,-97.51,76.44,-83.30,0,81,39063.0
78021,-1.01,-1.39,-0.30,-67.97,54.46,-71.40,0,80,39070.0
78029,-1.16,-1.48,-0.31,-22.75,67.90,-65.17,0,63,39078.0
78037,-1.19,-1.31,-0.28,45.78,63.98,-60.69,0,50,39086.0
78045,-1.20,-0.92,-0.14,76.16,58.52,-55.65,0,50,39094.0
78053,-1.12,-0.41,-0.15,70.42,53.41,-46.69,4,37,39102.0
78061,-1.10,-0.06,-0.17,35.70,48.58,-38.85,4,1,39110.0
78069,-1.08,0.18,-0.13,-10.92,44.03,-32.76,6,37,39118.0
78077,-1.05,0.19,-0.12,-55.16,38.92,-30.94,5,0,39126.0
78085,-1.06,-0.06,-0.17,-85.47,36.61,-29.61,8,0,39134.0
78093,-1.04,-0.36,-0.17,-80.71,35.42,-26.95,10,0,39142.0
78101,-1.07,-0.55,-0.17,-61.95,34.16,-23.17,18,0,39150.0
78109,-1.09,-0.46,-0.09,-42.00,32.41,-20.86,17,0,39158.0
78116,-1.05,-0.28,-0.01,-30.66,31.43,-18.55,14,0,39165.0
78124,-1.03,-0.11,0.04,-34.37,29.96,-16.87,16,0,39173.0
78132,-1.02,-0.01,0.06,-45.29,28.49,-15.54,18,0,39181.0
78140,-1.02,-0.01,0.06,-58.59,28.21,-14.70,19,0,39189.0
78148,-1.01,-0.09,0.01,-60.13,27.65,-16.45,19,0,39197.0
78156,-0.99,-0.13,-0.00,-58.52,28.49,-16.38,24,0,39205.0
78164,-0.99,-0.12,-0.03,-53.55,29.40,-16.10,25,0,39213.0
78172,-0.98,-0.10,-0.05,-47.39,30.10,-16.38,27,0,39221.0
78180,-0.98,-0.02,-0.01,-46.48,30.73,-18.41,27,0,39229.0
78188,-0.99,0.03,-0.00,-45.15,31.78,-19.46,26,0,39237.0
78196,-0.97,0.04,0.03,-46.27,32.97,-20.02,30,0,39245.0
78203,-0.97,0.06,0.07,-47.53,34.79,-22.05,30,0,39252.0
78211,-0.95,0.04,0.09,-46.62,36.19,-24.01,27,0,39260.0
78219,-0.94,-0.01,0.12,-42.98,38.57,-25.62,33,0,39268.0
78227,-0.93,0.01,0.14,-42.98,41.58,-27.23,34,0,39276.0
78234,-0.94,0.07,0.15,-43.40,44.45,-29.54,40,0,39283.0
78242,-0.95,0.09,0.15,-40.39,47.46,-32.27,34,0,39291.0
78250,-0.95,0.02,0.17,-36.75,51.31,-34.44,36,0,39299.0
78257,-0.96,-0.01,0.19,-29.26,55.86,-35.70,37,0,39306.0
78265,-1.02,0.04,0.22,-21.42,62.51,-38.01,38,0,39314.0
78273,-1.04,0.11,0.23,-16.45,67.76,-40.25,39,0,39322.0
78281,-1.04,0.15,0.28,-12.46,73.08,-44.31,38,0,39330.0
78289,-1.04,0.17,0.35,-11.69,79.24,-48.16,41,0,39338.0
78297,-1.06,0.16,0.46,-10.01,86.03,-51.24,43,0,39346.0
78304,-1.08,0.16,0.51,-6.37,93.10,-55.16,45,0,39353.0
78312,-1.09,0.26,0.54,-3.29,99.40,-62.51,52,0,39361.0
78320,-1.09,0.33,0.56,-0.77,105.84,-68.74,47,0,39369.0
78328,-1.12,0.41,0.52,-0.35,115.78,-74.62,51,0,39377.0
78335,-1.13,0.51,0.44,-1.33,123.48,-80.57,55,0,39384.0
78343,-1.12,0.59,0.38,-1.54,130.76,-86.73,53,0,39392.0
78351,-1.08,0.53,0.38,2.03,139.72,-91.98,54,0,39400.0
78358,-1.07,0.49,0.41,6.58,149.59,-95.06,45,0,39407.0
78366,-1.13,0.56,0.39,6.58,159.04,-98.98,48,0,39415.0
78374,-1.21,0.71,0.38,-2.31,166.32,-122.99,47,0,39423.0
78382,-1.30,0.76,0.37,-12.95,171.50,-116.06,56,0,39431.0
78390,-1.34,0.78,0.38,-28.70,176.33,-123.20,58,0,39439.0
78397,-1.38,0.87,0.38,-45.57,179.97,-129.78,52,0,39446.0
78405,-1.44,0.88,0.50,-57.47,180.60,-137.83,50,0,39454.0
78413,-1.53,0.79,0.62,-65.03,182.00,-142.59,46,0,39462.0
78420,-1.61,0.66,0.68,-60.48,181.93,-147.07,39,0,39469.0
78428,-1.69,0.65,0.69,-52.43,178.57,-150.43,38,0,39477.0
78436,-1.75,0.57,0.43,-40.74,173.67,-157.64,33,0,39485.0
78444,-1.80,0.62,0.43,-28.77,175.21,-169.82,17,0,39493.0
78451,-1.73,0.26,0.46,-20.93,188.09,-187.04,7,0,39500.0
78459,-1.72,-0.31,0.64,-15.05,203.00,-185.92,6,0,39508.0
78467,-1.90,-0.71,0.30,-23.17,204.54,-171.92,3,0,39516.0
78475,-2.13,-0.58,0.11,-28.14,197.75,-153.23,11,0,39524.0
78483,-2.05,-0.75,-0.05,-26.18,187.81,-127.89,13,0,39532.0
78491,-1.80,-1.02,-0.40,-14.84,175.63,-99.26,1,0,39540.0
78499,-1.51,-1.26,-0.64,-3.71,161.14,-77.14,0,0,39548.0
78506,-1.26,-1.27,-1.01,-2.73,148.89,-69.86,1,0,39555.0
78514,-1.41,-0.98,-0.93,15.89,119.84,-54.53,0,0,39563.0
78522,-1.65,-0.66,-0.87,64.26,89.67,-38.71,0,0,39571.0
78530,-1.73,-0.71,-0.81,90.44,54.60,-23.66,0,0,39579.0
78538,-1.46,-0.85,-0.73,98.07,20.93,-15.19,0,0,39587.0
78546,-1.08,-0.87,-0.64,86.73,-6.72,0.35,0,0,39595.0
78553,-0.73,-0.75,-0.61,60.97,-31.78,19.95,0,0,39602.0
78561,-0.44,-0.62,-0.59,30.80,-63.28,43.40,0,0,39610.0
78569,-0.34,-0.54,-0.59,3.92,-88.62,65.52,0,0,39618.0
78577,-0.34,-0.49,-0.61,-17.08,-113.96,84.00,0,0,39626.0
78585,-0.35,-0.47,-0.63,-25.27,-137.62,100.87,0,0,39634.0
78593,-0.33,-0.59,-0.64,-30.52,-159.74,119.14,0,0,39642.0
78601,-0.28,-0.64,-0.65,-32.83,-185.08,130.55,0,0,39650.0
78609,-0.25,-0.63,-0.64,-32.55,-202.72,141.61,0,0,39658.0
78617,-0.23,-0.57,-0.62,-30.73,-219.17,152.88,0,0,39666.0
78625,-0.22,-0.48,-0.59,-30.31,-234.22,163.73,0,0,39674.0
78633,-0.25,-0.45,-0.58,-32.76,-247.87,174.16,0,0,39682.0
78641,-0.27,-0.41,-0.58,-37.24,-264.32,180.60,1,0,39690.0
78649,-0.26,-0.36,-0.59,-47.18,-276.29,186.90,0,0,39698.0
78657,-0.27,-0.38,-0.60,-57.96,-288.40,193.48,0,0,39706.0
78665,-0.28,-0.41,-0.62,-68.18,-299.74,198.73,0,0,39714.0
78673,-0.32,-0.38,-0.63,-78.26,-309.33,203.28,0,0,39722.0
78681,-0.44,-0.32,-0.64,-78.12,-321.58,201.32,0,0,39730.0
78689,-0.50,-0.41,-0.66,-72.10,-328.65,202.23,0,0,39738.0
78697,-0.49,-0.38,-0.62,-61.46,-332.78,202.51,0,0,39746.0
78704,-0.51,-0.30,-0.58,-46.34,-335.93,200.97,0,0,39753.0
78712,-0.56,-0.42,-0.60,-33.88,-336.98,203.21,0,0,39761.0
78720,-0.63,-0.59,-0.62,-13.65,-338.38,207.20,0,0,39769.0
78728,-0.70,-0.64,-0.59,13.23,-335.93,212.17,0,0,39777.0
78736,-0.76,-0.65,-0.61,55.65,-332.64,219.10,0,0,39785.0
78744,-0.85,-0.64,-0.56,91.28,-327.60,224.14,0,0,39793.0
78752,-0.86,-0.65,-0.57,132.79,-319.48,229.88,0,0,39801.0
78760,-0.85,-0.54,-0.33,163.38,-306.25,233.59,0,0,39809.0
78767,-0.82,-0.37,-0.24,163.03,-289.52,242.90,0,0,39816.0
78775,-0.88,-0.19,-0.19,139.02,-274.05,247.87,0,0,39824.0
78783,-1.07,-0.02,-0.17,105.84,-255.50,247.52,0,0,39832.0
78791,-1.21,0.06,-0.20,60.20,-243.32,234.64,0,0,39840.0
78798,-1.29,-0.01,-0.29,55.02,-231.28,214.90,0,0,39847.0
78806,-1.26,-0.04,-0.35,45.85,-217.91,191.10,0,0,39855.0
78814,-1.13,0.02,-0.28,33.53,-201.46,164.64,0,0,39863.0
78822,-1.00,0.12,-0.16,9.87,-179.69,116.41,0,0,39871.0
78829,-0.85,0.11,-0.04,-18.97,-152.11,88.90,0,0,39878.0
78837,-0.74,-0.02,0.10,-40.11,-119.49,55.65,0,0,39886.0
78845,-0.68,-0.10,0.23,-43.96,-69.44,20.23,0,0,39894.0
78853,-0.60,-0.10,0.26,-40.25,-29.75,-14.63,0,0,39902.0
78861,-0.55,-0.10,0.14,-38.57,8.05,-47.67,0,0,39910.0
78869,-0.53,-0.18,-0.14,-33.18,42.84,-78.89,0,0,39918.0
78877,-0.52,-0.46,-0.31,-18.34,74.62,-117.39,0,0,39926.0
78885,-0.54,-0.57,-0.46,0.98,101.64,-142.87,0,0,39934.0
78892,-0.68,-0.68,-0.71,16.73,126.28,-163.31,0,0,39941.0
78900,-1.00,-0.83,-0.81,50.82,124.53,-169.54,0,0,39949.0
78908,-1.71,-0.34,-0.49,118.16,110.46,-147.63,0,0,39957.0
78916,-1.87,0.50,0.23,171.43,79.38,-88.41,0,22,39965.0
78923,-2.57,1.19,0.87,208.60,53.27,-26.18,0,40,39972.0
78931,-2.81,1.29,0.81,226.24,57.61,-17.71,0,75,39980.0
78939,-2.11,0.14,0.46,215.88,85.33,-136.92,0,44,39988.0
78946,-1.54,0.34,-0.21,161.00,101.22,-151.97,0,87,39995.0
78954,-1.67,0.44,-0.32,79.73,107.80,-152.67,0,55,40003.0
78962,-1.35,0.69,-0.94,73.36,108.71,-161.91,0,45,40011.0
78970,-1.00,0.54,-1.09,92.82,120.68,-172.97,0,33,40019.0
78977,-0.89,-0.43,-0.97,127.54,125.30,-186.27,0,40,40026.0
78985,-0.84,-1.26,-0.85,79.45,126.56,-182.63,0,36,40034.0
78993,-0.84,-1.35,-1.04,29.05,121.52,-168.49,0,29,40042.0
79001,-0.95,-1.02,-0.87,-19.18,108.29,-141.12,0,56,40050.0
79009,-0.96,-0.90,-0.74,-37.24,94.50,-127.47,0,56,40058.0
79017,-0.96,-0.91,-0.64,-27.58,84.63,-120.68,0,38,40066.0
79025,-1.00,-0.96,-0.43,-13.37,80.71,-116.06,0,70,40074.0
79033,-1.03,-1.09,-0.26,-15.40,75.60,-100.59,0,70,40082.0
79041,-1.01,-1.06,-0.21,-13.93,68.67,-75.18,0,72,40090.0
79049,-0.99,-0.96,-0.22,-10.78,62.30,-61.95,0,64,40098.0
79057,-1.06,-0.81,-0.22,-2.17,56.63,-56.98,0,78,40106.0
79065,-1.13,-0.65,-0.25,11.97,52.43,-54.25,3,65,40114.0
79072,-1.16,-0.51,-0.28,10.15,47.88,-49.49,4,45,40121.0
79080,-1.14,-0.42,-0.34,2.24,43.89,-41.86,5,37,40129.0
79088,-1.10,-0.30,-0.35,-6.37,39.76,-32.83,6,3,40137.0
79096,-1.07,-0.26,-0.32,-15.26,17.92,-27.51,4,0,40145.0
79104,-1.08,-0.19,-0.30,-27.02,30.80,-24.01,5,0,40153.0
79112,-1.10,-0.07,-0.25,-43.40,28.14,-22.68,6,0,40161.0
79120,-1.09,-0.00,-0.17,-54.53,26.53,-22.61,8,0,40169.0
79128,-1.09,-0.07,-0.11,-61.95,24.99,-21.49,11,0,40177.0
79136,-1.08,-0.13,-0.06,-65.94,24.22,-19.46,12,0,40185.0
79144,-1.05,-0.15,-0.02,-65.31,23.59,-17.43,16,0,40193.0
79152,-1.02,-0.17,0.04,-60.13,23.38,-16.52,17,0,40201.0
79159,-1.00,-0.18,0.09,-57.89,23.31,-15.89,20,0,40208.0
79167,-0.97,-0.16,0.15,-58.17,23.66,-16.45,20,0,40216.0
79175,-0.96,-0.12,0.18,-59.78,24.15,-17.22,18,0,40224.0
79183,-0.96,-0.08,0.14,-65.59,25.69,-17.78,23,0,40232.0
79191,-0.96,-0.07,0.11,-65.03,27.79,-18.55,26,0,40240.0
79198,-0.96,-0.05,0.09,-63.35,29.96,-20.23,26,0,40247.0
79206,-0.96,-0.06,0.09,-60.34,31.78,-21.42,29,0,40255.0
79214,-0.94,-0.07,0.08,-57.89,33.81,-21.98,29,0,40263.0
79222,-0.94,-0.06,0.06,-53.97,35.84,-23.38,33,0,40271.0
79230,-0.94,-0.05,0.05,-50.12,37.38,-25.83,33,0,40279.0
79238,-0.94,-0.07,0.05,-45.29,39.41,-27.79,34,0,40287.0
79245,-0.96,-0.05,0.04,-42.91,42.91,-28.42,35,0,40294.0
79253,-0.97,0.03,0.07,-45.78,45.43,-30.03,35,0,40302.0
79261,-0.97,0.10,0.10,-48.30,47.18,-32.69,39,0,40310.0
79269,-0.98,0.03,0.13,-47.18,50.19,-34.30,42,0,40318.0
79276,-0.99,-0.03,0.17,-44.66,54.04,-36.05,43,0,40325.0
79284,-1.00,-0.01,0.20,-40.53,57.61,-38.36,45,0,40333.0
79292,-1.01,-0.01,0.24,-35.28,62.09,-41.51,45,0,40341.0
79300,-1.03,0.04,0.30,-33.95,69.09,-43.96,45,0,40349.0
79308,-1.04,0.17,0.33,-35.98,74.83,-46.83,48,0,40357.0
79316,-1.05,0.22,0.36,-37.73,80.64,-51.73,46,0,40365.0
79324,-1.05,0.26,0.37,-40.60,87.29,-56.91,45,0,40373.0
79331,-1.05,0.34,0.36,-41.23,93.87,-62.02,49,0,40380.0
79339,-1.06,0.32,0.35,-39.06,100.66,-67.62,45,0,40388.0
79347,-1.09,0.30,0.29,-31.50,107.87,-74.41,47,0,40396.0
79355,-1.10,0.33,0.27,-24.36,115.57,-78.75,49,0,40404.0
79362,-1.10,0.39,0.26,-18.13,125.86,-82.95,51,2,40411.0
79370,-1.12,0.37,0.25,-10.64,133.77,-87.43,49,0,40419.0
79378,-1.15,0.41,0.27,-7.35,142.17,-91.63,47,0,40427.0
79385,-1.19,0.50,0.29,-8.33,149.31,-97.02,49,0,40434.0
79393,-1.23,0.54,0.32,-13.72,156.38,-103.46,42,0,40442.0
79401,-1.25,0.61,0.36,-23.45,163.03,-110.11,41,0,40450.0
79409,-1.28,0.68,0.42,-32.76,168.49,-117.88,48,1,40458.0
79417,-1.34,0.62,0.45,-39.13,173.53,-126.00,49,0,40466.0
79424,-1.46,0.53,0.47,-41.09,196.14,-130.97,48,0,40473.0
79432,-1.65,0.51,0.47,-41.86,180.81,-133.49,46,0,40481.0
79440,-1.82,0.55,0.37,-44.66,177.38,-135.03,45,0,40489.0
79447,-1.95,0.58,0.26,-53.76,170.10,-137.13,44,0,40496.0
79455,-1.99,0.75,0.39,-49.49,161.63,-144.13,41,0,40504.0
79463,-1.81,0.59,0.27,-42.28,159.81,-152.53,30,0,40512.0
79471,-1.57,0.17,0.32,-33.74,169.12,-161.00,9,0,40520.0
79479,-1.45,-0.26,0.21,-23.59,182.56,-159.81,5,0,40528.0
79486,-1.58,-0.66,0.01,-30.87,186.27,-147.14,10,0,40535.0
79494,-1.85,-0.84,-0.08,-40.95,180.04,-130.34,25,0,40543.0
79502,-1.87,-0.83,-0.21,-19.11,169.82,-110.88,15,0,40551.0
79510,-1.77,-0.98,-0.45,-14.98,156.80,-90.44,8,0,40559.0
79518,-1.56,-1.20,-0.75,4.06,143.99,-75.88,0,0,40567.0
79526,-1.29,-1.20,-1.00,21.84,133.84,-66.43,0,0,40575.0
79534,-0.99,-1.00,-0.89,40.25,114.38,-54.11,0,0,40583.0
79542,-1.20,-0.69,-0.81,60.13,92.54,-37.59,0,0,40591.0
79549,-1.13,-0.53,-0.74,67.27,67.97,-24.22,0,0,40598.0
79557,-0.94,-0.59,-0.66,61.04,43.61,-15.75,0,0,40606.0
79565,-0.76,-0.70,-0.61,51.45,20.86,-6.72,0,0,40614.0
79573,-0.58,-0.75,-0.59,41.51,-1.33,6.58,0,0,40622.0
79581,-0.49,-0.73,-0.57,33.18,-23.31,24.99,0,0,40630.0
79589,-0.43,-0.68,-0.56,29.40,-44.59,37.45,0,0,40638.0
79596,-0.41,-0.67,-0.56,29.82,-71.47,49.91,0,0,40645.0
79604,-0.41,-0.68,-0.57,34.44,-89.74,61.46,0,0,40653.0
79612,-0.40,-0.72,-0.61,46.27,-106.96,71.26,0,0,40661.0
79620,-0.38,-0.73,-0.65,55.37,-123.06,80.43,0,0,40669.0
79628,-0.36,-0.67,-0.66,63.77,-138.67,90.51,0,0,40677.0
79636,-0.32,-0.56,-0.67,66.71,-153.23,98.35,0,0,40685.0
79643,-0.29,-0.44,-0.67,62.23,-170.03,106.05,0,0,40692.0
79651,-0.25,-0.30,-0.64,51.24,-180.67,112.49,0,0,40700.0
79659,-0.23,-0.19,-0.62,25.20,-190.12,118.79,0,0,40708.0
79667,-0.23,-0.16,-0.61,0.49,-198.94,124.39,0,0,40716.0
79675,-0.22,-0.21,-0.62,-23.17,-207.13,128.59,0,0,40724.0
79683,-0.23,-0.37,-0.62,-41.93,-215.18,133.28,0,0,40732.0
79691,-0.26,-0.51,-0.61,-51.17,-224.84,137.62,0,0,40740.0
79699,-0.32,-0.62,-0.59,-48.79,-231.63,142.59,0,0,40748.0
79707,-0.36,-0.71,-0.57,-34.09,-237.93,149.17,0,0,40756.0
79714,-0.40,-0.77,-0.54,-19.67,-243.74,157.29,0,0,40763.0
79722,-0.46,-0.83,-0.49,-2.31,-248.99,167.65,0,0,40771.0
79730,-0.49,-0.89,-0.46,15.96,-252.70,176.40,0,0,40779.0
79738,-0.51,-0.86,-0.43,30.94,-253.61,185.64,0,0,40787.0
79746,-0.53,-0.77,-0.41,46.97,-251.72,193.83,0,0,40795.0
79755,-0.55,-0.69,-0.40,54.74,-247.94,202.02,0,0,40804.0
79762,-0.56,-0.57,-0.42,59.15,-243.25,212.10,0,0,40811.0
79770,-0.61,-0.50,-0.43,60.62,-235.90,218.54,0,0,40819.0
79778,-0.65,-0.47,-0.45,58.52,-230.37,224.28,0,0,40827.0
79786,-0.71,-0.43,-0.48,52.15,-225.12,228.69,0,0,40835.0
79794,-0.76,-0.40,-0.49,44.66,-220.01,231.84,0,0,40843.0
79802,-0.79,-0.37,-0.49,35.35,-215.11,233.94,0,0,40851.0
79810,-0.85,-0.36,-0.51,24.57,-211.12,233.03,0,0,40859.0
79818,-0.94,-0.36,-0.51,16.80,-206.01,230.58,0,0,40867.0
79825,-1.00,-0.39,-0.49,11.76,-201.74,225.54,0,0,40874.0
79833,-1.05,-0.38,-0.46,13.86,-196.28,217.21,0,0,40882.0
79841,-1.05,-0.33,-0.45,14.07,-189.49,207.20,0,0,40890.0
79849,-1.06,-0.24,-0.39,7.00,-181.44,196.49,0,0,40898.0
79857,-1.07,-0.11,-0.43,-6.16,-173.88,178.85,0,0,40906.0
79865,-1.07,-0.08,-0.43,-21.84,-166.81,162.96,0,0,40914.0
79873,-1.03,-0.10,-0.40,-32.06,-155.33,145.95,0,0,40922.0
79881,-0.96,-0.13,-0.38,-41.16,-144.20,130.90,0,0,40930.0
79888,-0.86,-0.14,-0.31,-44.87,-130.97,115.64,0,0,40937.0
79896,-0.77,-0.13,-0.25,-47.95,-116.27,98.91,0,0,40945.0
79904,-0.75,-0.17,-0.20,-48.58,-100.31,72.17,0,0,40953.0
79912,-0.72,-0.17,-0.10,-42.77,-76.16,51.73,0,0,40961.0
79920,-0.66,-0.18,-0.06,-29.61,-55.51,29.68,0,0,40969.0
79928,-0.61,-0.16,-0.04,-17.92,-33.74,6.58,0,0,40977.0
79936,-0.59,-0.01,-0.04,-5.39,-11.55,-25.48,0,0,40985.0
79944,-0.61,-0.15,-0.10,2.59,15.40,-46.13,0,0,40993.0
79952,-0.64,-0.24,-0.17,7.91,30.03,-61.60,0,0,41001.0
79960,-1.16,-0.23,-0.07,37.87,43.61,-69.79,0,0,41009.0
79968,-0.99,-0.19,-0.16,63.91,55.51,-75.46,0,0,41017.0
79976,-1.17,0.04,0.28,119.35,52.01,-56.28,0,12,41025.0
79984,-1.78,0.88,0.59,160.58,31.29,-34.02,0,27,41033.0
79992,-2.39,1.40,0.41,148.61,13.44,-11.48,0,54,41041.0
79999,-2.30,1.17,0.39,105.84,26.46,-46.97,0,47,41048.0
80007,-1.76,1.08,0.12,45.43,36.19,-66.50,0,32,41056.0
80014,-1.33,1.08,0.08,22.12,36.61,-67.97,0,30,41063.0
80022,-1.03,0.61,0.28,22.96,34.79,-86.10,0,26,41071.0
80030,-1.17,-0.07,0.40,40.32,45.29,-121.31,0,22,41079.0
80038,-1.41,-1.05,-0.15,42.98,76.30,-152.32,0,21,41087.0
80045,-1.65,-1.25,-0.85,82.04,98.21,-150.22,0,17,41094.0
80053,-1.58,-0.25,-0.87,100.94,90.30,-104.09,0,10,41102.0
80061,-1.14,0.10,-0.54,68.74,74.97,-86.31,2,5,41110.0
80069,-0.73,-0.40,-0.60,31.78,65.73,-90.02,7,2,41118.0
80077,-0.81,-0.88,-0.57,36.12,65.59,-99.75,14,0,41126.0
80084,-1.04,-1.06,-0.41,56.49,56.91,-93.66,16,0,41133.0
80092,-1.21,-0.89,-0.14,51.80,46.27,-64.96,21,0,41141.0
80100,-1.04,-0.59,0.03,19.67,41.79,-57.47,25,0,41149.0
80108,-0.98,-0.29,-0.00,-9.10,37.59,-57.40,27,0,41157.0
80116,-1.04,-0.50,-0.04,-10.78,32.48,-42.28,28,0,41165.0
80124,-0.98,-0.62,-0.10,-5.60,28.35,-36.82,33,0,41173.0
80132,-1.11,-0.44,-0.13,-6.79,25.55,-32.13,32,0,41181.0
80140,-1.10,-0.29,-0.22,-8.68,22.68,-28.14,36,0,41189.0
80148,-1.06,-0.21,-0.28,-18.55,20.51,-22.89,34,0,41197.0
80156,-1.06,-0.08,-0.33,-31.01,18.69,-16.59,38,0,41205.0
80164,-1.10,-0.03,-0.31,-45.71,15.19,-13.93,37,0,41213.0
80171,-1.05,-0.05,-0.24,-61.11,12.81,-10.57,37,0,41220.0
80179,-1.02,-0.11,-0.03,-62.37,10.36,-8.19,37,0,41228.0
80187,-1.00,-0.20,-0.03,-61.11,9.31,-5.46,38,0,41236.0
80195,-0.98,-0.24,0.02,-60.69,8.19,-0.56,38,0,41244.0
80203,-0.97,-0.20,0.04,-57.47,5.39,1.40,42,0,41252.0
80211,-0.97,-0.22,0.08,-52.78,3.57,2.52,41,0,41260.0
80219,-0.97,-0.22,0.08,-48.37,1.33,3.71,44,0,41268.0
80226,-0.96,-0.16,0.08,-40.88,-1.05,5.32,42,0,41275.0
80234,-0.95,-0.16,0.11,-34.72,-2.66,6.51,42,0,41283.0
80242,-0.96,-0.12,0.13,-30.10,-2.66,6.79,42,0,41291.0
80250,-0.97,0.04,0.19,-27.72,-2.66,6.30,42,0,41299.0
80258,-0.97,0.07,0.24,-27.23,-1.82,6.02,43,0,41307.0
80265,-0.96,0.10,0.24,-27.79,1.19,5.74,43,0,41314.0
80273,-0.96,0.19,0.27,-28.77,2.87,3.29,43,0,41322.0
80281,-0.95,0.20,0.30,-25.90,4.41,0.21,44,0,41330.0
80289,-0.96,0.09,0.31,-21.28,6.93,-2.24,43,0,41338.0
80296,-0.96,0.08,0.30,-16.52,9.73,-4.13,43,0,41345.0
80304,-0.98,0.16,0.29,-13.79,12.25,-6.79,40,0,41353.0
80312,-0.97,0.19,0.30,-14.07,14.14,-10.15,41,0,41361.0
80320,-0.95,0.17,0.30,-13.79,16.73,-12.32,42,0,41369.0
80327,-0.96,0.16,0.26,-12.39,19.39,-14.84,43,0,41376.0
80335,-0.97,0.16,0.24,-10.64,21.98,-17.57,43,0,41384.0
80343,-0.94,0.15,0.22,-9.87,23.80,-19.46,47,0,41392.0
80351,-0.93,0.15,0.19,-9.17,25.48,-21.07,47,0,41400.0
80358,-0.96,0.12,0.16,-8.12,26.25,-22.19,45,0,41407.0
80366,-1.00,0.06,0.00,-6.23,26.53,-23.31,46,0,41415.0
80374,-1.02,0.02,0.07,-5.32,26.60,-24.01,47,0,41423.0
80381,-1.04,0.02,0.05,-5.18,26.18,-24.71,50,0,41430.0
80389,-1.04,-0.00,0.04,-6.02,25.41,-24.85,47,0,41438.0
80397,-1.03,-0.03,0.03,-8.26,24.64,-24.29,50,0,41446.0
80405,-1.03,-0.08,0.02,-9.03,23.73,-23.45,49,0,41454.0
80413,-1.04,-0.11,0.01,-9.17,22.75,-22.33,52,0,41462.0
80421,-1.02,-0.12,-0.00,-8.26,21.49,-21.49,50,0,41470.0
80429,-1.00,-0.16,-0.01,-6.51,20.44,-19.39,50,0,41478.0
80437,-0.99,-0.20,-0.02,-3.50,19.88,-17.85,50,0,41486.0
80445,-1.01,-0.18,-0.01,-2.80,18.41,-16.24,51,0,41494.0
80453,-1.01,-0.17,-0.01,-2.87,17.43,-14.63,51,0,41502.0
80460,-1.01,-0.16,-0.01,-4.55,16.17,-13.86,50,0,41509.0
80468,-1.00,-0.13,-0.01,-6.23,15.12,-12.81,50,0,41517.0
80476,-1.01,-0.17,-0.02,-5.88,13.72,-10.57,50,0,41525.0
80484,-1.03,-0.21,-0.04,-3.01,12.46,-8.89,51,0,41533.0
80492,-1.04,-0.19,-0.07,0.98,10.57,-7.07,51,0,41541.0
80500,-1.04,-0.14,-0.09,4.13,9.24,-5.67,50,0,41549.0
80508,-1.03,-0.11,-0.11,4.83,7.91,-3.99,49,0,41557.0
80516,-1.01,-0.12,-0.10,4.90,7.28,-2.59,50,0,41565.0
80523,-1.00,-0.10,-0.09,3.22,6.72,-0.91,53,0,41572.0
80531,-0.98,-0.07,-0.06,-1.12,6.44,-0.49,51,0,41580.0
80539,-0.97,-0.07,-0.01,-3.99,5.74,0.00,53,0,41588.0
80547,-0.97,-0.11,0.05,-5.25,5.32,0.07,53,0,41596.0
80555,-0.98,-0.16,0.23,-2.38,5.74,-0.35,54,0,41604.0
80563,-0.98,-0.16,0.18,0.63,6.58,0.21,54,0,41612.0
80571,-0.98,-0.01,0.19,2.45,7.07,-0.49,53,0,41620.0
80578,-0.99,-0.05,0.16,2.80,7.35,-1.82,54,0,41627.0
80586,-0.96,-0.06,0.14,4.27,7.77,-3.08,53,0,41635.0
80594,-0.97,-0.10,0.08,6.44,8.61,-2.94,53,0,41643.0
80602,-1.03,-0.10,0.02,13.58,8.68,-2.80,54,0,41651.0
80609,-1.05,-0.10,-0.01,18.13,8.47,-2.59,55,0,41658.0
80617,-1.03,-0.10,-0.06,22.61,8.19,-2.10,53,0,41666.0
80625,-1.04,-0.11,-0.06,25.48,7.49,-1.12,54,0,41674.0
80633,-1.03,-0.14,-0.06,27.30,6.93,-0.14,55,0,41682.0
80641,-1.01,-0.16,-0.06,29.33,6.44,1.19,51,0,41690.0
80649,-0.99,-0.15,-0.04,28.07,6.09,2.52,54,0,41698.0
80656,-0.97,-0.12,-0.02,25.13,5.60,2.94,54,0,41705.0
80664,-0.97,-0.13,0.00,24.57,4.83,3.08,52,0,41713.0
80672,-0.98,-0.16,0.02,24.71,4.27,3.64,54,0,41721.0
80679,-0.98,-0.16,0.02,25.13,4.06,4.48,53,0,41728.0
80687,-0.98,-0.13,0.00,26.60,3.99,4.34,52,0,41736.0
80695,-0.97,-0.12,0.00,25.55,4.20,4.76,52,0,41744.0
80703,-0.96,-0.06,-0.00,21.70,3.99,5.39,52,0,41752.0
80710,-0.95,0.02,0.01,14.56,3.92,5.32,51,0,41759.0
80718,-0.94,0.02,0.03,8.47,3.85,4.55,52,0,41767.0
80725,-0.95,-0.07,0.02,5.88,4.20,4.48,49,0,41774.0
80733,-0.96,-0.10,0.02,5.39,5.53,4.97,49,0,41782.0
80741,-0.97,-0.08,0.01,4.06,5.95,5.32,49,0,41790.0
80748,-0.97,-0.06,0.01,1.47,6.16,5.39,49,0,41797.0
80756,-0.98,-0.06,-0.00,-5.04,6.65,6.44,48,0,41805.0
80764,-1.01,-0.05,-0.03,-8.89,5.60,6.72,47,0,41813.0
80771,-1.03,-0.07,-0.04,-9.87,4.41,6.37,48,0,41820.0
80779,-1.03,-0.10,-0.02,-9.45,3.36,6.16,47,0,41828.0
80787,-1.03,-0.10,0.01,-8.68,2.66,6.51,46,0,41836.0
80795,-1.03,-0.06,0.03,-7.07,2.03,6.51,46,0,41844.0
80803,-1.03,-0.06,0.04,-4.76,2.24,6.65,44,0,41852.0
80811,-1.02,-0.03,0.04,-3.36,2.52,6.86,43,0,41860.0
80819,-1.01,0.00,0.02,-3.99,2.80,6.58,44,0,41868.0
80826,-1.01,-0.00,0.02,-4.76,2.87,6.23,43,0,41875.0
80834,-1.00,-0.02,0.02,-5.95,3.57,5.88,44,0,41883.0
80842,-1.01,-0.02,0.02,-6.72,3.99,5.67,43,0,41891.0
80849,-1.02,-0.02,0.01,-8.12,3.99,5.74,43,0,41898.0
80857,-1.04,-0.04,-0.01,-8.61,4.06,5.95,42,0,41906.0
80865,-1.03,-0.04,-0.02,-8.68,3.85,6.23,42,0,41914.0
80873,-1.02,-0.04,-0.03,-8.82,3.57,6.44,42,0,41922.0
80880,-1.02,-0.06,-0.04,-7.70,3.15,6.72,42,0,41929.0
80888,-1.01,-0.06,-0.04,-5.74,2.73,6.93,41,0,41937.0
80896,-1.01,-0.06,-0.04,-4.06,2.31,7.49,41,0,41945.0
80904,-1.02,-0.07,-0.05,-2.10,1.82,8.12,40,0,41953.0
80912,-1.02,-0.07,-0.05,0.14,1.05,8.26,38,0,41961.0
80919,-1.01,-0.07,-0.04,1.47,0.49,8.47,39,0,41968.0
80927,-1.01,-0.07,-0.04,2.87,-0.49,8.47,38,0,41976.0
80935,-1.01,-0.07,-0.03,4.62,-1.19,8.47,40,0,41984.0
80943,-0.99,-0.07,-0.03,7.00,-1.75,8.26,39,0,41992.0
80950,-0.98,-0.06,-0.02,8.54,-2.38,8.19,39,0,41999.0
80958,-0.98,-0.06,-0.02,9.66,-2.94,8.19,42,0,42007.0
80966,-0.98,-0.05,-0.03,10.57,-3.08,8.05,39,0,42015.0
80974,-0.97,-0.03,-0.03,10.15,-3.29,7.77,39,0,42023.0
80982,-0.98,-0.02,-0.03,8.82,-3.64,7.63,37,0,42031.0
80990,-0.98,-0.02,-0.02,7.70,-3.71,7.42,37,0,42039.0
80998,-0.97,-0.04,-0.02,6.30,-3.43,7.35,38,0,42047.0
81006,-0.98,-0.03,-0.00,4.34,-3.57,7.49,38,0,42055.0
81014,-0.99,-0.02,0.01,2.38,-3.57,7.21,39,0,42063.0
81022,-0.99,-0.04,0.01,0.91,-3.50,7.21,37,0,42071.0
81029,-1.00,-0.05,0.03,0.84,-3.57,7.07,37,0,42078.0
81037,-1.00,-0.05,0.04,1.40,-3.71,6.86,36,0,42086.0
81045,-1.00,-0.04,0.04,1.19,-3.64,6.86,35,0,42094.0
81053,-1.00,-0.02,0.04,0.63,-3.64,6.72,36,0,42102.0
81060,-1.00,-0.00,0.03,-0.21,-3.43,6.51,36,0,42109.0
81068,-1.01,0.02,0.02,-0.98,-3.36,6.09,37,0,42117.0
81076,-1.01,0.02,0.01,-1.54,-3.08,5.88,37,0,42125.0
81084,-1.00,0.03,0.01,-1.40,-2.73,5.46,34,0,42133.0
81092,-1.01,0.03,0.00,-0.98,-2.31,5.11,35,0,42141.0
81099,-1.01,0.03,0.00,-0.98,-2.17,4.55,36,0,42148.0
81107,-1.01,0.03,0.00,-0.70,-1.96,4.20,34,0,42156.0
81115,-1.01,0.02,0.01,-0.14,-1.75,3.85,34,0,42164.0
81123,-1.01,0.00,0.01,1.05,-1.82,3.57,35,0,42172.0
81130,-1.01,-0.00,0.01,2.24,-1.75,3.22,33,0,42179.0
81138,-1.01,-0.01,0.01,3.29,-1.68,2.87,33,0,42187.0
81146,-1.01,-0.01,0.01,3.64,-1.61,2.73,34,0,42195.0
81153,-1.01,-0.01,0.00,3.43,-1.68,2.66,31,0,42202.0
81161,-1.00,-0.01,0.01,2.80,-1.68,2.52,31,0,42210.0
81169,-0.99,-0.02,0.00,2.10,-1.89,2.66,34,0,42218.0
81177,-1.01,-0.02,0.00,1.82,-1.96,2.87,32,0,42226.0
81184,-1.01,-0.02,0.00,1.75,-2.10,2.80,28,1,42233.0
81192,-1.01,-0.02,0.01,1.61,-2.24,2.59,29,0,42241.0
81200,-1.01,-0.02,0.01,1.05,-2.31,2.66,32,1,42249.0
81208,-1.00,-0.01,0.01,0.49,-2.24,2.59,34,0,42257.0
81215,-0.99,-0.01,0.01,0.00,-2.10,2.59,33,0,42264.0
81223,-1.00,-0.00,0.00,-0.84,-2.31,2.87,31,0,42272.0
81231,-1.01,0.01,-0.00,-2.17,-2.03,2.94,34,0,42280.0
81239,-1.00,0.02,-0.00,-4.20,-1.89,2.73,35,0,42288.0
81247,-1.01,0.01,0.00,-5.53,-2.03,2.59,37,0,42296.0
81254,-1.01,0.00,0.00,-5.46,-2.03,2.38,36,0,42303.0
81262,-1.01,-0.01,0.02,-4.06,-2.10,2.10,34,0,42311.0
81270,-1.00,-0.02,0.02,-2.31,-1.96,1.96,35,0,42319.0
81278,-0.99,-0.02,0.01,-0.84,-2.03,1.96,34,0,42327.0
81286,-1.00,-0.01,0.00,-0.56,-2.03,2.03,35,0,42335.0
81293,-1.01,0.00,0.00,-1.40,-2.03,1.82,36,0,42342.0
81301,-1.00,-0.00,0.00,-2.73,-2.10,1.82,36,0,42350.0
81309,-1.01,-0.02,0.00,-3.36,-2.17,1.96,35,0,42358.0
81317,-1.01,-0.03,0.01,-3.01,-2.10,1.89,35,0,42366.0
81325,-1.00,-0.02,0.01,-3.22,-2.24,2.31,38,0,42374.0
81332,-1.00,-0.02,0.01,-3.08,-2.31,2.24,36,0,42381.0
81340,-1.00,-0.02,0.01,-2.87,-2.45,2.17,37,0,42389.0
81348,-1.00,-0.02,0.01,-1.75,-2.38,2.03,36,0,42397.0
81356,-1.01,-0.02,0.01,-1.33,-2.45,1.96,37,0,42405.0
81364,-1.01,-0.01,0.01,-0.77,-2.38,1.96,37,0,42413.0
81372,-1.01,-0.01,0.01,-0.21,-2.45,1.68,35,0,42421.0
81379,-1.00,-0.00,0.01,0.21,-2.45,1.47,36,0,42428.0
81387,-1.00,-0.00,0.01,0.49,-2.24,1.40,35,0,42436.0
81395,-1.00,-0.00,0.01,0.77,-2.17,1.54,38,0,42444.0
81403,-1.00,0.00,0.01,1.12,-2.17,1.19,35,0,42452.0
81410,-1.00,-0.01,0.01,1.68,-2.31,1.05,36,0,42459.0
81418,-1.00,-0.01,0.02,2.17,-2.59,1.12,36,0,42467.0
81426,-1.00,-0.02,0.02,2.80,-2.45,0.84,36,0,42475.0
81434,-1.00,-0.02,0.02,3.22,-2.52,0.63,34,0,42483.0
81441,-1.00,-0.02,0.02,3.29,-2.94,0.63,35,1,42490.0
81449,-1.00,-0.03,0.02,4.20,-3.15,0.35,36,0,42498.0
81457,-1.00,-0.03,0.02,4.83,-3.08,0.35,36,0,42506.0
81465,-1.00,-0.02,0.01,5.04,-3.01,0.49,34,0,42514.0
81472,-1.01,0.01,0.01,3.78,-2.87,0.49,34,0,42521.0
81480,-1.00,0.01,0.01,2.45,-2.66,0.49,28,0,42529.0
81488,-1.01,-0.00,0.01,1.61,-2.73,0.56,31,0,42537.0
81495,-1.01,-0.01,0.02,1.54,-2.52,0.42,30,0,42544.0
81503,-1.01,-0.01,0.02,1.89,-2.45,0.63,31,0,42552.0
81511,-1.01,-0.02,0.02,2.03,-2.24,0.56,33,0,42560.0
81518,-1.02,-0.01,0.02,1.54,-2.31,0.77,33,0,42567.0
81526,-1.02,0.00,0.02,0.28,-2.31,0.77,31,0,42575.0
81534,-1.01,-0.00,0.02,-1.12,-2.24,0.77,32,0,42583.0
81542,-1.01,-0.01,0.02,-2.03,-2.17,0.91,31,0,42591.0
81550,-1.02,-0.01,0.02,-2.59,-2.17,0.91,31,0,42599.0
81557,-1.01,-0.00,0.02,-3.01,-2.10,0.84,29,0,42606.0
81565,-1.01,-0.01,0.03,-3.15,-1.96,0.84,31,0,42614.0
81573,-1.01,-0.00,0.02,-3.01,-1.82,0.91,31,0,42622.0
81581,-1.00,-0.01,0.03,-2.52,-1.75,0.70,33,0,42630.0
81589,-1.00,-0.01,0.03,-1.89,-1.54,0.77,32,0,42638.0
81597,-1.01,-0.01,0.03,-1.33,-1.54,0.63,33,0,42646.0
81605,-1.00,-0.00,0.03,-1.26,-1.26,0.49,33,0,42654.0
81613,-1.01,-0.00,0.03,-1.33,-1.33,0.42,33,0,42662.0
81620,-1.01,-0.01,0.02,-1.61,-1.19,0.56,34,0,42669.0
81628,-1.00,-0.01,0.02,-1.82,-1.12,0.42,32,0,42677.0
81636,-1.01,-0.02,0.02,-1.82,-0.91,0.56,34,0,42685.0
81644,-1.00,-0.01,0.03,-1.89,-0.84,0.42,36,0,42693.0
81652,-1.00,0.00,0.03,-1.54,-0.91,0.21,35,0,42701.0
81659,-1.01,-0.01,0.03,-0.28,-0.77,0.07,33,0,42708.0
81667,-1.01,-0.02,0.03,-0.91,-0.63,0.35,33,0,42716.0
81675,-1.00,-0.00,0.03,-1.61,-0.70,0.49,31,0,42724.0
81683,-1.00,0.01,0.02,-0.84,-0.63,0.07,33,0,42732.0
81691,-1.00,-0.02,0.02,-0.42,-0.28,0.35,33,0,42740.0
81699,-1.01,-0.01,0.03,-1.40,-0.14,0.49,31,0,42748.0
81707,-1.01,0.01,0.03,-1.12,-0.56,-0.07,32,0,42756.0
81714,-1.01,0.01,0.04,-0.84,-0.42,-0.49,29,0,42763.0
81722,-1.00,0.00,0.04,-1.75,0.07,-0.49,27,0,42771.0
81730,-1.00,-0.00,0.03,-0.84,0.21,-1.05,27,0,42779.0
81738,-1.00,-0.02,0.03,0.70,0.49,-1.19,29,0,42787.0
81746,-1.00,-0.01,0.03,1.75,0.84,-1.26,35,0,42795.0
81753,-1.00,-0.01,0.02,2.80,0.63,-1.40,34,0,42802.0
81761,-1.00,-0.02,0.02,3.64,0.84,-1.33,36,0,42810.0
81769,-1.00,-0.02,0.01,3.57,0.77,-1.33,36,0,42818.0
81776,-1.00,-0.02,0.00,2.80,0.70,-1.05,35,0,42825.0
81784,-1.01,-0.02,-0.00,1.96,0.56,-0.84,35,0,42833.0
81792,-1.01,-0.03,-0.00,1.61,0.42,-0.84,35,0,42841.0
81800,-1.00,-0.04,0.00,1.54,0.35,-0.63,38,0,42849.0
81808,-1.00,-0.04,0.00,1.75,0.14,-0.56,31,0,42857.0
81815,-1.00,-0.04,0.01,1.96,0.07,-0.21,29,0,42864.0
81823,-0.99,-0.03,0.01,1.89,-0.14,-0.07,31,0,42872.0
81831,-1.00,-0.02,0.00,1.47,-0.14,0.07,29,0,42880.0
81839,-1.01,-0.03,0.00,0.84,-0.21,0.35,30,0,42888.0
81847,-1.00,-0.02,-0.00,0.42,-0.21,0.28,30,0,42896.0
81855,-1.00,-0.02,-0.00,0.42,-0.35,0.35,29,0,42904.0
81862,-1.00,-0.02,-0.00,0.28,-0.42,0.63,27,0,42911.0
81870,-1.00,-0.02,-0.00,0.28,-0.56,0.70,24,0,42919.0
81878,-1.00,-0.02,0.00,1.33,-0.63,0.56,23,0,42927.0
81886,-0.99,-0.03,0.00,2.17,-0.70,0.56,25,0,42935.0
81893,-1.00,-0.02,0.00,2.45,-0.70,0.77,24,0,42942.0
81901,-1.00,-0.01,0.01,2.17,-0.70,0.70,24,0,42950.0
81909,-1.01,-0.01,-0.00,1.82,-0.91,0.70,28,0,42958.0
81917,-1.01,-0.02,-0.00,2.10,-1.05,0.70,26,0,42966.0
81925,-1.00,-0.03,0.00,2.73,-1.19,0.70,26,0,42974.0
81932,-1.00,-0.03,-0.00,3.50,-1.26,0.84,27,0,42981.0
81940,-1.01,-0.03,0.00,3.92,-1.47,0.91,28,0,42989.0
81948,-1.01,-0.03,0.01,3.78,-1.54,1.12,29,0,42997.0
81956,-1.01,-0.03,0.01,3.64,-1.61,1.12,28,0,43005.0
81963,-1.01,-0.03,0.02,3.22,-1.68,1.40,28,0,43012.0
81971,-1.01,-0.03,0.02,2.45,-1.82,1.75,28,0,43020.0
81979,-1.01,-0.02,0.03,1.89,-1.75,1.82,29,0,43028.0
81987,-1.00,-0.02,0.02,1.61,-1.68,1.96,26,0,43036.0
81994,-1.01,-0.02,0.02,1.61,-1.68,2.10,27,0,43043.0
82002,-1.01,-0.01,0.02,1.47,-1.61,2.10,27,0,43051.0
82010,-1.00,-0.00,0.01,1.54,-1.61,2.10,28,0,43059.0
82018,-1.00,-0.01,0.01,1.89,-1.54,1.96,28,0,43067.0
82026,-1.01,-0.01,0.01,2.52,-1.54,1.68,27,0,43075.0
82033,-1.00,-0.01,0.01,3.29,-1.40,1.68,28,0,43082.0
82041,-1.00,-0.01,0.01,3.99,-1.54,1.61,27,0,43090.0
82049,-1.00,-0.00,0.01,4.27,-1.26,1.47,28,0,43098.0
82057,-1.00,0.00,0.01,4.13,-1.33,1.33,28,0,43106.0
82065,-1.00,-0.00,0.01,3.57,-1.33,1.40,27,0,43114.0
82072,-1.00,-0.01,0.01,3.71,-1.26,1.40,28,0,43121.0
82080,-1.00,-0.02,0.02,3.85,-1.40,1.40,28,0,43129.0
82088,-1.01,-0.01,0.02,3.22,-1.40,1.54,28,0,43137.0
82095,-1.00,-0.00,0.01,2.17,-1.40,1.68,27,0,43144.0
82103,-1.00,-0.01,0.01,1.40,-1.54,1.82,28,0,43152.0
82111,-1.01,-0.02,0.01,1.05,-1.61,1.75,28,0,43160.0
82119,-1.01,-0.02,0.01,1.05,-1.68,1.96,29,0,43168.0
82126,-1.01,-0.01,0.01,1.05,-1.68,2.03,28,0,43175.0
82134,-1.00,-0.01,0.01,0.63,-1.68,1.89,28,0,43183.0
82142,-1.00,-0.01,0.01,0.49,-1.61,1.89,28,0,43191.0
82150,-1.00,-0.00,0.01,0.07,-1.54,2.03,27,0,43199.0
82157,-1.00,0.00,0.01,-0.21,-1.68,2.10,26,0,43206.0
82165,-1.00,-0.00,0.01,-0.70,-1.68,1.89,25,0,43214.0
82174,-1.00,-0.01,0.01,-0.70,-1.61,1.89,26,0,43223.0
82182,-1.00,-0.02,0.01,-0.28,-1.61,1.96,25,0,43231.0
82190,-1.00,-0.02,0.01,0.07,-1.61,2.03,26,0,43239.0
82198,-1.00,-0.02,0.01,0.28,-1.68,2.17,31,0,43247.0
82206,-1.00,-0.01,0.02,0.21,-1.68,2.17,31,0,43255.0
82214,-1.00,-0.01,0.01,-17.92,-1.75,2.17,32,0,43263.0
82222,-1.01,-0.01,0.02,0.07,-1.61,2.17,31,0,43271.0
82229,-1.01,-0.01,0.02,0.14,-1.61,2.17,31,0,43278.0
82237,-1.00,-0.00,0.02,0.21,-1.61,2.03,32,0,43286.0
82245,-1.00,0.00,0.02,0.35,-1.54,1.89,29,0,43294.0
82252,-1.00,-0.00,0.02,0.77,-1.33,1.75,27,0,43301.0
82260,-1.00,0.00,0.02,1.26,-1.19,1.54,26,0,43309.0
82268,-1.01,0.00,0.02,1.61,-0.84,1.47,26,0,43317.0
82276,-1.00,0.00,0.03,1.68,-0.84,1.33,28,0,43325.0
82284,-1.01,0.00,0.04,1.82,-0.63,1.26,28,0,43333.0
82291,-1.01,-0.00,0.03,1.40,-0.42,1.19,23,0,43340.0
82299,-1.01,-0.00,0.03,1.26,-0.14,1.40,23,0,43348.0
82307,-1.01,-0.01,0.03,1.89,-0.14,1.47,26,0,43356.0
82315,-1.00,-0.01,0.03,2.38,-0.07,1.47,25,0,43364.0
82323,-1.00,-0.00,0.03,2.52,0.00,1.33,21,0,43372.0
82331,-1.00,-0.00,0.03,2.38,0.14,1.33,23,0,43380.0
82339,-1.00,-0.00,0.02,2.52,0.07,1.26,20,0,43388.0
82347,-1.01,-0.01,0.02,3.08,0.21,1.33,22,0,43396.0
82354,-1.01,0.00,0.01,2.87,0.14,1.54,22,0,43403.0
82362,-1.01,0.01,0.00,2.24,-0.07,1.54,21,0,43411.0
82370,-1.01,-0.00,-0.00,1.75,0.00,1.54,25,0,43419.0
82378,-1.01,-0.01,-0.00,1.19,-0.21,1.75,25,0,43427.0
82386,-1.01,-0.01,-0.00,0.35,-0.21,1.89,26,0,43435.0
82393,-1.01,-0.01,0.12,0.28,-0.42,1.89,26,0,43442.0
82401,-1.01,-0.01,-0.00,0.07,-0.56,2.03,25,0,43450.0
82409,-1.01,-0.01,0.00,-0.07,-0.63,2.10,25,0,43458.0
82417,-1.00,-0.01,0.00,-0.42,-0.84,2.31,27,0,43466.0
82425,-1.00,-0.01,0.00,-0.56,-0.70,2.17,25,0,43474.0
82432,-1.00,-0.01,0.01,-0.77,-0.84,2.24,24,0,43481.0
82440,-1.00,-0.01,0.01,-0.42,-0.70,2.24,26,0,43489.0
82448,-1.00,-0.00,0.01,-0.07,-0.98,2.10,27,0,43497.0
82456,-1.00,0.00,0.00,0.28,-0.84,2.03,26,0,43505.0
82463,-1.00,0.00,0.00,0.63,-0.84,1.96,26,0,43512.0
82471,-1.00,0.01,0.00,0.63,-0.84,2.03,26,0,43520.0
82479,-1.00,0.00,0.01,0.77,-0.84,1.75,28,0,43528.0
82486,-1.00,0.00,0.00,1.05,-0.91,1.75,26,0,43535.0
82494,-1.00,0.00,0.00,0.91,-1.12,1.75,27,0,43543.0
82501,-1.00,0.00,0.01,1.19,-1.19,1.61,27,0,43550.0
82509,-1.01,0.00,0.00,1.12,-1.12,1.75,24,0,43558.0
82517,-1.00,-0.00,0.01,0.63,-1.26,1.68,24,0,43566.0
82525,-1.00,-0.00,0.00,0.77,-1.26,1.61,23,0,43574.0
82533,-1.00,-0.00,0.00,0.63,-1.26,1.61,26,0,43582.0
82540,-1.00,-0.00,0.02,0.84,-1.26,1.40,25,0,43589.0
82548,-1.00,0.12,0.00,0.98,-1.33,1.61,22,0,43597.0
82556,-1.01,0.00,0.01,0.84,-1.54,1.54,22,0,43605.0
82564,-1.00,-0.00,0.01,0.63,-1.33,1.61,24,0,43613.0
82571,-1.00,0.00,0.01,0.42,-1.40,1.75,25,0,43620.0
82579,-1.00,0.00,0.01,0.14,-1.40,1.75,22,0,43628.0
82586,-1.01,0.00,0.01,0.00,-1.61,1.61,22,0,43635.0
82594,-1.00,-0.00,0.01,-0.42,-1.47,1.68,22,0,43643.0
82602,-1.00,0.00,0.01,-0.84,-1.47,1.61,16,0,43651.0
82610,-1.00,0.01,0.01,-0.98,-1.54,1.61,15,0,43659.0
82618,-1.00,0.00,0.01,-0.77,-1.68,1.47,19,0,43667.0
82625,-1.00,0.00,0.01,-0.42,-1.47,1.47,17,0,43674.0
82633,-1.00,0.01,0.01,0.00,-1.61,1.47,17,0,43682.0
82641,-1.01,0.01,0.01,0.42,-1.47,1.40,18,0,43690.0
82649,-1.01,0.01,0.01,0.63,-1.61,1.33,17,0,43698.0
82656,-1.01,0.01,0.01,0.63,-1.68,1.33,17,0,43705.0
82664,-1.00,0.01,0.01,0.56,-1.68,1.19,17,0,43713.0
82672,-1.01,0.00,0.01,0.70,-1.61,1.26,17,0,43721.0
82679,-1.01,0.01,0.01,0.70,-1.68,1.19,15,0,43728.0
82687,-1.01,0.01,0.01,0.84,-1.82,1.12,16,0,43736.0
82695,-1.01,0.01,0.01,0.84,-1.68,1.05,17,0,43744.0
82702,-1.01,0.01,0.02,0.70,-1.68,1.05,17,0,43751.0
82710,-1.01,0.00,0.01,0.70,-1.68,1.12,17,0,43759.0
82718,-1.01,0.01,0.01,0.91,-1.68,1.05,16,0,43767.0
82726,-1.00,0.01,0.01,1.12,-1.68,0.98,14,0,43775.0
82733,-1.00,0.01,0.01,0.84,-1.68,0.84,14,0,43782.0
82741,-1.00,0.01,0.01,0.35,-1.68,0.98,17,0,43790.0
82749,-1.01,0.01,0.01,-0.07,-1.75,0.98,15,0,43798.0
82756,-1.01,0.00,0.01,-0.35,-1.75,1.05,15,0,43805.0
82764,-1.01,0.00,0.01,-0.42,-1.82,1.12,15,0,43813.0
82772,-1.00,0.01,0.01,-0.49,-1.82,0.98,14,0,43821.0
82780,-1.01,0.01,0.02,-0.77,-1.89,0.98,16,0,43829.0
82788,-1.00,0.01,0.01,-1.05,-1.82,0.91,17,0,43837.0
82795,-1.00,0.01,0.01,-1.33,-1.82,0.91,17,0,43844.0
82803,-1.00,0.01,0.01,-1.61,-1.75,0.77,17,0,43852.0
82811,-1.00,0.01,0.01,-2.17,-1.75,0.84,19,0,43860.0
82819,-1.00,0.01,0.01,-2.17,-1.82,0.77,17,0,43868.0
82826,-1.00,0.01,0.01,-1.89,-1.82,0.70,16,0,43875.0
82834,-1.00,0.00,0.01,-1.96,-1.75,0.70,18,0,43883.0
82842,-1.01,0.00,0.01,-2.03,-1.82,0.63,16,0,43891.0
82850,-1.00,0.00,0.01,-1.96,-1.96,0.63,16,0,43899.0
82858,-1.00,0.00,0.01,-1.89,-1.82,0.70,16,0,43907.0
82865,-1.00,0.01,0.01,-2.31,-1.96,1.05,15,0,43914.0
82873,-1.00,0.01,0.01,-3.15,-1.96,0.98,16,0,43922.0
82881,-1.01,0.00,0.00,-3.08,-2.03,0.98,16,0,43930.0
82888,-1.01,-0.01,0.01,-2.17,-2.03,0.91,16,0,43937.0
82896,-1.00,-0.01,0.01,-0.98,-2.10,1.12,16,0,43945.0
82904,-1.00,-0.01,0.01,0.00,-2.10,1.05,16,0,43953.0
82912,-1.00,0.00,0.01,0.07,-2.24,1.05,18,0,43961.0
82920,-1.01,0.00,0.02,-0.07,-2.17,1.26,16,0,43969.0
82928,-1.01,0.00,0.02,-0.07,-2.10,1.19,17,0,43977.0
82935,-1.00,0.00,0.02,-0.07,-2.10,1.05,17,0,43984.0
82943,-1.01,0.00,0.02,-0.35,-2.24,1.12,15,0,43992.0
82951,-1.00,0.00,0.03,0.14,-2.03,1.19,17,0,44000.0
82958,-1.01,0.00,0.02,0.98,-1.96,1.12,16,0,44007.0
82966,-1.00,0.00,0.02,1.33,-1.89,1.05,18,0,44015.0
82974,-1.00,0.01,0.03,1.54,-1.82,0.84,17,0,44023.0
82982,-1.00,0.01,0.03,1.61,-1.68,0.98,16,0,44031.0
82989,-1.00,0.01,0.03,1.12,-1.40,0.91,16,0,44038.0
82997,-1.00,0.01,0.02,0.91,-1.54,0.77,17,0,44046.0
83005,-1.00,0.01,0.02,0.91,-1.40,0.70,15,0,44054.0
83012,-1.00,0.00,0.02,1.33,-1.33,0.84,15,0,44061.0
83020,-1.01,0.01,0.02,1.75,-1.26,0.84,16,0,44069.0
83028,-1.00,0.01,0.02,1.96,-1.26,0.77,15,0,44077.0
83035,-1.00,-0.01,0.02,2.87,-1.26,0.98,18,0,44084.0
83044,-1.00,-0.01,0.02,3.92,-1.05,0.98,16,0,44093.0
83051,-1.00,0.02,0.02,3.78,-1.12,0.77,17,0,44100.0
83059,-1.00,0.02,0.02,3.01,-0.91,0.63,18,0,44108.0
83067,-1.00,0.00,0.02,2.38,-0.91,0.77,17,0,44116.0
83074,-1.00,-0.00,0.02,2.52,-0.91,0.84,16,0,44123.0
83082,-1.00,0.00,0.02,2.38,-0.98,0.77,13,0,44131.0
83090,-1.01,0.00,0.02,2.03,-0.91,0.98,17,0,44139.0
83098,-1.01,0.00,0.01,2.03,-0.91,0.98,17,0,44147.0
83105,-1.01,0.00,0.01,1.61,-0.98,1.19,16,0,44154.0
83113,-1.01,0.00,0.01,0.98,-1.05,1.26,16,0,44162.0
83121,-1.00,0.00,0.01,0.91,-1.05,1.33,17,0,44170.0
83129,-1.01,0.00,0.01,0.98,-1.19,1.47,17,0,44178.0
83136,-1.01,0.00,0.01,0.70,-1.26,1.40,16,0,44185.0
83144,-1.00,-0.00,0.01,0.91,-1.26,1.40,18,0,44193.0
83152,-1.00,0.00,0.02,0.98,-1.19,1.47,17,0,44201.0
83160,-1.00,0.01,0.02,0.98,-1.26,1.40,17,0,44209.0
83168,-1.00,0.02,0.03,0.77,-1.12,1.33,16,0,44217.0
83175,-1.00,0.02,0.03,0.56,-0.98,1.19,16,0,44224.0
83183,-1.00,0.02,0.03,0.49,-0.98,1.19,16,0,44232.0
83190,-1.00,0.01,0.02,0.70,-0.84,1.05,15,0,44239.0
83198,-1.01,0.01,0.02,0.77,-0.70,1.05,17,0,44247.0
83206,-1.00,0.01,0.02,1.12,-0.70,0.91,16,0,44255.0
83213,-1.00,0.01,0.02,1.68,-0.56,0.91,16,0,44262.0
83221,-1.00,0.01,0.01,1.61,-0.77,0.91,14,0,44270.0
83229,-1.00,0.02,0.02,1.40,-0.63,0.70,15,0,44278.0
83236,-1.00,0.01,0.02,1.12,-0.63,0.77,15,0,44285.0
83244,-1.01,0.01,0.01,0.77,-0.56,0.84,16,0,44293.0
83251,-1.01,0.01,0.01,0.28,-0.56,0.56,16,0,44300.0
83259,-1.00,0.01,0.01,0.63,-0.49,0.63,16,0,44308.0
83267,-1.00,0.01,0.01,0.56,-0.63,0.70,16,0,44316.0
83274,-1.00,0.01,0.02,1.05,-0.70,0.42,14,0,44323.0
83282,-1.01,0.01,0.01,1.61,-0.56,0.56,16,0,44331.0
83290,-1.00,0.01,0.02,1.96,-0.77,0.28,16,0,44339.0
83297,-1.00,-0.00,0.02,3.01,-0.91,0.21,17,0,44346.0
83305,-0.88,0.00,0.02,3.64,-0.56,0.07,16,0,44354.0
83313,-1.00,0.01,0.01,4.27,-0.49,0.00,18,0,44362.0
83320,-1.00,0.02,0.02,3.85,-0.56,-0.21,17,0,44369.0
83328,-1.00,0.01,0.02,4.27,-0.49,-0.35,15,0,44377.0
83336,-0.99,0.01,0.02,4.97,-0.28,-0.49,16,0,44385.0
83344,-1.00,0.01,0.02,5.60,-0.28,-0.63,16,0,44393.0
83351,-0.99,0.00,0.03,6.44,-0.21,-0.84,15,0,44400.0
83360,-0.99,-0.00,0.03,7.84,-0.21,-1.12,14,0,44409.0
83368,-1.00,-0.01,0.03,9.66,-0.28,-1.40,15,0,44417.0
83376,-1.00,-0.01,0.03,12.04,-0.14,-1.61,16,0,44425.0
83383,-1.00,-0.01,0.03,13.37,-0.28,-1.82,17,0,44432.0
83391,-1.00,-0.00,0.03,14.28,-0.28,-1.75,16,0,44440.0
83399,-1.00,0.01,0.02,13.65,-0.07,-1.61,16,0,44448.0
83407,-1.00,0.01,0.02,12.04,0.07,-1.19,16,0,44456.0
83415,-1.01,0.02,0.00,10.08,-0.07,-0.84,16,0,44464.0
83423,-1.02,0.02,-0.01,7.35,-0.21,-0.77,18,0,44472.0
83431,-1.02,0.01,-0.01,5.88,-0.21,-0.56,17,0,44480.0
83439,-1.02,0.01,-0.01,4.55,-0.28,0.21,17,0,44488.0
83447,-1.02,0.01,-0.02,2.94,-0.21,0.35,16,0,44496.0
83455,-1.02,0.01,-0.02,1.33,-0.49,0.56,13,0,44504.0
83463,-1.01,0.00,-0.01,0.91,-0.77,0.70,15,0,44512.0
83471,-1.01,-0.00,-0.01,0.77,-0.84,0.84,16,0,44520.0
83478,-1.01,-0.01,-0.01,1.05,-0.98,0.98,14,0,44527.0
83486,-1.00,-0.01,-0.00,1.12,-1.26,1.19,15,0,44535.0
83494,-1.00,-0.01,0.00,1.19,-1.33,1.47,14,0,44543.0
83502,-1.00,0.00,0.01,0.77,-1.47,1.40,14,0,44551.0
83510,-1.00,0.00,0.01,0.00,-1.61,1.54,15,0,44559.0
83518,-1.01,0.01,0.01,-0.70,-1.75,1.61,15,0,44567.0
83526,-1.00,0.01,0.01,-1.12,-1.75,1.54,13,0,44575.0
83533,-1.00,-0.00,0.01,-0.84,-1.89,1.75,14,0,44582.0
83541,-1.00,0.01,0.01,-0.63,-1.89,1.61,15,0,44590.0
83549,-1.00,0.01,0.01,-0.49,-1.89,1.47,15,0,44598.0
83557,-1.00,0.02,0.01,-0.63,-1.75,1.47,12,0,44606.0
83565,-1.00,0.02,0.01,-1.05,-1.82,1.47,14,0,44614.0
83573,-1.00,0.01,0.02,-1.05,-1.75,1.54,14,0,44622.0
83581,-1.01,0.01,0.02,-1.12,-1.75,1.40,14,0,44630.0
83589,-1.01,0.01,0.02,-0.91,-1.68,1.40,15,0,44638.0
83596,-1.01,0.02,0.02,-1.19,-1.61,1.47,14,0,44645.0
83604,-1.00,0.02,0.02,-1.54,-1.47,1.40,13,0,44653.0
83612,-1.00,0.01,0.02,-1.26,-1.47,1.19,13,0,44661.0
83619,-0.99,-0.00,0.02,0.42,-1.26,1.12,11,0,44668.0
83627,-1.00,0.01,0.02,0.98,-1.26,1.12,12,0,44676.0
83635,-1.00,0.03,0.02,0.84,-1.26,0.84,12,0,44684.0
83643,-1.00,0.03,0.02,0.28,-0.98,0.63,11,0,44692.0
83650,-1.00,0.02,0.02,-0.21,-1.05,0.49,13,0,44699.0
83658,-1.00,0.01,0.02,0.07,-0.91,0.42,11,0,44707.0
83666,-1.01,0.01,0.02,0.42,-0.84,0.49,11,0,44715.0
83674,-1.01,0.01,0.01,0.49,-0.77,0.49,9,0,44723.0
83681,-1.01,0.01,0.01,0.28,-0.98,0.56,10,0,44730.0
83689,-1.01,0.00,0.01,0.07,-0.98,0.63,13,0,44738.0
83697,-1.01,0.00,0.00,-0.42,-1.19,0.77,12,0,44746.0
83705,-1.00,-0.00,0.01,-0.91,-1.19,0.77,13,0,44754.0
83712,-1.00,-0.01,0.00,-1.19,-1.33,1.05,11,0,44761.0
83720,-1.00,0.00,0.00,-1.61,-1.47,1.05,10,0,44769.0
83728,-1.01,-0.00,0.00,-1.82,-1.68,1.05,14,0,44777.0
83736,-1.01,0.00,0.00,-2.03,-1.89,1.33,11,0,44785.0
83744,-1.01,0.01,0.01,-2.31,-1.96,1.33,11,0,44793.0
83752,-1.01,0.01,0.00,-2.10,-1.89,1.26,14,0,44801.0
83759,-1.00,0.01,0.00,-1.82,-2.03,1.33,15,0,44808.0
83767,-1.01,0.02,0.01,-1.75,-1.89,1.33,14,0,44816.0
83775,-1.01,0.02,0.01,-1.54,-1.96,1.19,12,0,44824.0
83783,-1.00,0.02,0.02,-1.40,-1.89,0.98,13,0,44832.0
83791,-1.00,0.02,0.02,-1.12,-1.96,0.84,12,0,44840.0
83798,-1.00,0.02,0.03,-0.98,-1.68,0.70,13,0,44847.0
83806,-1.00,0.02,0.02,-1.26,-1.61,0.56,13,0,44855.0
83814,-1.00,0.02,0.02,-1.26,-1.47,0.35,14,0,44863.0
83822,-1.00,0.02,0.02,-1.33,-1.40,0.14,13,0,44871.0
83830,-1.01,0.02,0.02,-1.75,-1.40,0.21,13,0,44879.0
83837,-1.01,0.02,0.02,-2.03,-1.33,0.07,11,0,44886.0
83845,-1.00,0.01,0.01,-2.31,-1.26,-0.07,10,0,44894.0
83853,-1.00,0.01,0.02,-2.38,-1.33,0.00,11,0,44902.0
83861,-1.00,0.02,0.01,-3.36,-1.33,0.14,11,0,44910.0
83869,-1.00,0.01,0.01,-4.06,-1.19,0.14,10,0,44918.0
83877,-1.01,-0.01,0.01,-3.78,-1.40,0.14,11,0,44926.0
83885,-1.01,-0.01,0.01,-3.29,-1.40,0.28,10,0,44934.0
83893,-1.00,-0.00,0.01,-2.94,-1.54,0.28,11,0,44942.0
83900,-1.00,0.00,0.01,-2.80,-1.47,0.42,12,0,44949.0
83908,-1.00,0.01,0.01,-2.59,-1.61,0.49,11,0,44957.0
83916,-1.00,0.00,0.01,-2.52,-1.75,0.56,11,0,44965.0
83924,-1.00,0.01,0.01,-2.31,-1.54,0.63,12,0,44973.0
83932,-1.00,0.01,0.01,-2.10,-1.47,0.70,11,0,44981.0
83940,-1.00,0.01,0.02,-1.96,-1.61,0.56,12,0,44989.0
83948,-1.00,0.00,0.02,-1.61,-1.54,0.63,11,0,44997.0
83956,-1.00,0.01,0.02,-1.47,-1.47,0.56,12,0,45005.0
83964,-1.00,0.01,0.02,-1.19,-1.33,0.35,11,0,45013.0
83971,-1.00,0.01,0.02,-0.70,-1.40,0.42,12,0,45020.0
83979,-1.00,0.01,0.02,-0.63,-1.33,0.14,11,0,45028.0
83987,-1.00,0.00,0.02,-0.21,-1.19,0.21,13,0,45036.0
83995,-1.00,0.01,0.03,0.00,-1.26,0.21,11,0,45044.0
84003,-1.00,0.01,0.01,-0.49,-1.26,0.28,12,0,45052.0
84010,-1.00,0.00,0.02,-0.35,-1.26,0.35,12,0,45059.0
84018,-1.00,0.01,0.01,-0.70,-1.33,0.35,12,0,45067.0
84026,-1.00,-0.01,0.02,0.21,-1.26,0.42,11,0,45075.0
84034,-1.01,0.01,0.01,0.91,-1.33,0.56,13,0,45083.0
84042,-1.01,0.01,0.02,0.63,-1.33,0.35,12,0,45091.0
84049,-1.01,0.01,0.01,0.77,-1.33,0.56,13,0,45098.0
84057,-1.01,0.02,0.02,0.35,-1.19,0.49,13,0,45106.0
84065,-1.01,0.01,0.02,0.56,-1.33,0.42,11,0,45114.0
84072,-1.00,0.01,0.02,0.84,-1.19,0.49,13,0,45121.0
84080,-1.01,0.01,0.02,0.98,-1.12,0.42,10,0,45129.0
84088,-1.01,0.01,0.02,1.26,-1.05,0.42,12,0,45137.0
84096,-1.00,0.01,0.03,1.47,-0.84,0.35,11,0,45145.0
84103,-1.00,0.02,0.03,0.98,-0.91,0.21,8,0,45152.0
84111,-1.00,0.02,0.02,0.91,-0.70,0.14,10,0,45160.0
84119,-1.01,0.02,0.03,0.84,-0.63,0.07,9,0,45168.0
84126,-1.00,0.01,0.03,1.12,-0.28,-0.14,8,0,45175.0
84134,-1.00,0.02,0.03,1.47,-0.21,-0.14,12,0,45183.0
84142,-1.00,0.02,0.03,1.33,-0.07,-0.49,10,0,45191.0
84150,-1.00,0.02,0.02,1.40,0.00,-0.49,11,0,45199.0
84157,-1.01,0.02,0.02,1.40,0.14,-0.63,10,0,45206.0
84165,-1.01,0.02,0.02,1.40,0.14,-0.84,11,0,45214.0
84173,-1.01,0.01,0.02,1.54,0.21,-0.77,9,0,45222.0
84180,-1.01,0.01,0.02,1.40,0.14,-0.77,11,0,45229.0
84188,-1.00,0.00,0.02,1.47,0.14,-0.84,12,0,45237.0
84195,-1.00,0.00,0.01,1.47,0.21,-0.70,12,0,45244.0
84203,-1.00,0.00,0.01,1.26,0.07,-0.56,12,0,45252.0
84211,-1.00,0.00,0.01,1.12,-0.14,-0.56,12,0,45260.0
84219,-1.00,0.00,0.01,0.98,-0.07,-0.49,13,0,45268.0
84226,-1.01,-0.00,0.01,0.84,-0.21,-0.35,9,0,45275.0
84234,-1.00,-0.00,0.01,1.19,-0.28,-0.21,11,0,45283.0
84242,-1.00,0.00,0.01,1.33,-0.35,-0.21,12,0,45291.0
84250,-1.00,0.00,0.00,1.47,-0.42,-0.07,11,0,45299.0
84257,-1.00,0.00,0.01,1.68,-0.42,-0.14,12,0,45306.0
84265,-1.00,0.00,0.01,1.89,-0.63,-0.21,11,0,45314.0
84273,-1.00,0.00,0.01,2.10,-0.63,-0.07,11,0,45322.0
84281,-1.00,0.01,0.01,2.38,-0.56,-0.07,10,0,45330.0
84289,-1.00,0.00,0.01,2.66,-0.49,-0.21,9,0,45338.0
84297,-1.00,0.00,0.02,3.08,-0.49,-0.28,9,0,45346.0
84304,-1.01,0.00,0.02,2.94,-0.42,-0.42,11,0,45353.0
84312,-1.00,0.01,0.02,3.01,-0.49,-0.42,10,0,45361.0
84320,-1.00,0.00,0.02,3.29,-0.49,-0.49,9,0,45369.0
84328,-1.00,0.00,0.02,3.78,-0.56,-0.77,10,0,45377.0
84335,-1.00,-0.00,0.02,4.55,-0.56,-0.91,10,0,45384.0
84343,-1.00,-0.01,0.02,5.67,-0.49,-1.12,11,0,45392.0
84351,-0.99,-0.01,0.04,7.70,-0.35,-1.26,12,0,45400.0
84359,-1.00,0.00,0.03,8.61,-0.42,-1.26,12,0,45408.0
84367,-1.01,0.01,0.03,8.96,-0.42,-1.54,11,0,45416.0
8,-38943.0
